1709454656.511802,0
1709454656.539024,11
1709454656.593583,18
1709454656.618213,26
1709454656.661290,30
1709454656.702351,38
1709454656.770494,44
1709454656.789439,54
1709454656.826073,64
1709454656.863744,68
1709454656.900926,77
1709454656.933307,90
1709454656.953006,96
1709454656.974326,105
1709454657.029086,113
1709454657.072536,117
1709454657.096504,130
1709454657.137386,145
1709454657.165139,152
1709454657.221764,153
1709454657.241571,170
1709454657.271080,176
1709454657.290067,181
1709454657.310453,192
1709454657.337684,200
1709454657.400988,202
1709454657.428378,220
1709454657.458850,227
1709454657.488306,234
1709454657.549293,240
1709454657.578603,260
1709454657.601660,267
1709454657.665833,282
1709454657.698552,290
1709454657.716161,296
1709454657.741392,298
1709454657.771709,300
1709454657.790195,300
1709454657.841323,300
1709454657.909811,300
1709454657.930047,299
1709454657.954927,300
1709454657.985693,299
1709454658.003896,300
1709454658.024298,300
1709454658.047387,299
1709454658.072338,300
1709454658.101475,299
1709454658.140645,300
1709454658.188850,298
1709454658.209400,300
1709454658.250002,300
1709454658.270966,299
1709454658.311150,297
1709454658.351895,300
1709454658.375212,300
1709454658.416488,296
1709454658.440922,300
1709454658.472712,300
1709454658.501556,300
1709454658.554270,300
1709454658.571214,299
1709454658.620993,299
1709454658.682075,300
1709454658.752640,298
1709454658.769870,300
1709454658.820355,298
1709454658.838618,300
1709454658.877684,300
1709454658.916782,300
1709454658.937049,300
1709454658.963428,300
1709454658.986720,299
1709454659.006803,298
1709454659.030644,300
1709454659.077983,296
1709454659.102275,299
1709454659.132547,299
1709454659.191226,296
1709454659.229882,297
1709454659.253312,298
1709454659.275003,298
1709454659.324193,298
1709454659.351366,297
1709454659.373158,298
1709454659.461523,298
1709454659.482965,298
1709454659.520252,298
1709454659.552080,298
1709454659.589424,296
1709454659.612230,299
1709454659.630736,298
1709454659.648568,298
1709454659.682734,295
1709454659.710500,296
1709454659.739840,296
1709454659.762742,298
1709454659.784814,295
1709454659.805512,295
1709454659.829571,295
1709454659.871385,300
1709454659.892270,300
1709454659.958217,299
1709454659.982487,300
1709454660.017785,300
1709454660.037056,300
1709454660.091882,297
1709454660.110333,299
1709454660.230429,299
1709454660.282279,298
1709454660.375318,295
1709454660.400522,295
1709454660.443870,298
1709454660.466506,298
1709454660.489122,296
1709454660.517003,292
1709454660.547995,290
1709454660.584767,292
1709454660.614800,296
1709454660.640353,297
1709454660.686275,297
1709454660.758667,289
1709454660.786423,300
1709454660.845870,299
1709454660.866697,299
1709454660.903052,299
1709454660.932806,297
1709454660.954561,300
1709454660.998681,300
1709454661.030448,299
1709454661.072819,300
1709454661.128205,299
1709454661.180563,298
1709454661.221432,296
1709454661.248782,299
1709454661.270483,299
1709454661.326572,298
1709454661.357418,299
1709454661.411883,295
1709454661.443482,300
1709454661.462858,300
1709454661.483466,298
1709454661.524359,297
1709454661.558197,298
1709454661.578950,294
1709454661.607174,298
1709454661.628525,296
1709454661.652578,293
1709454661.674925,294
1709454661.701546,299
1709454661.724500,299
1709454661.767559,300
1709454661.790875,300
1709454661.861474,299
1709454661.913789,295
1709454661.943251,298
1709454661.997774,297
1709454662.031520,300
1709454662.099193,298
1709454662.159307,291
1709454662.205652,298
1709454662.228405,297
1709454662.252388,298
1709454662.276051,294
1709454662.306326,297
1709454662.334991,296
1709454662.373240,296
1709454662.395939,295
1709454662.451128,297
1709454662.498723,292
1709454662.606355,296
1709454662.627596,297
1709454662.650502,297
1709454662.672840,295
1709454662.714088,290
1709454662.751176,292
1709454662.774353,299
1709454662.799032,298
1709454662.819212,299
1709454662.846707,300
1709454662.872841,298
1709454662.932222,297
1709454662.952058,298
1709454662.971190,295
1709454662.996738,297
1709454663.054691,296
1709454663.093932,298
1709454663.117408,298
1709454663.143037,299
1709454663.193222,298
1709454663.245158,291
1709454663.310672,299
1709454663.374222,291
1709454663.394426,298
1709454663.416768,299
1709454663.438516,298
1709454663.484967,299
1709454663.506974,300
1709454663.528548,299
1709454663.556329,298
1709454663.604463,297
1709454663.625562,297
1709454663.669714,299
1709454663.741009,299
1709454663.781895,298
1709454663.804980,299
1709454663.873122,290
1709454663.899555,283
1709454663.925879,299
1709454663.950150,298
1709454663.974729,295
1709454664.017247,291
1709454664.075675,277
1709454664.098397,278
1709454664.124685,274
1709454664.192812,270
1709454664.214847,265
1709454664.252045,264
1709454664.295063,255
1709454664.327155,252
1709454664.366689,250
1709454664.421345,244
1709454664.439275,245
1709454664.486006,243
1709454664.504602,242
1709454664.542203,238
1709454664.562397,239
1709454664.583355,236
1709454664.620871,230
1709454664.648261,228
1709454664.666825,223
1709454664.693985,218
1709454664.757851,219
1709454664.833371,215
1709454664.861212,232
1709454664.912227,229
1709454664.951881,232
1709454664.972301,237
1709454665.016031,234
1709454665.060412,233
1709454665.098413,241
1709454665.135229,240
1709454665.153620,245
1709454665.170324,247
1709454665.201189,250
1709454665.234957,248
1709454665.254151,248
1709454665.280914,248
1709454665.326544,247
1709454665.382982,244
1709454665.405280,248
1709454665.425940,247
1709454665.446659,246
1709454665.571728,245
1709454665.663168,248
1709454665.717078,242
1709454665.740901,248
1709454665.773620,248
1709454665.805032,247
1709454665.837260,248
1709454665.854738,247
1709454665.914888,244
1709454665.938756,249
1709454665.970302,250
1709454666.007758,247
1709454666.059809,238
1709454666.093113,234
1709454666.138023,224
1709454666.180418,220
1709454666.201810,216
1709454666.231447,213
1709454666.255018,211
1709454666.279959,207
1709454666.300420,207
1709454666.335803,205
1709454666.365285,203
1709454666.388699,197
1709454666.413868,195
1709454666.432176,194
1709454666.463098,187
1709454666.508610,180
1709454666.527090,181
1709454666.546488,178
1709454666.567637,177
1709454666.594490,176
1709454666.615574,177
1709454666.643313,176
1709454666.704086,173
1709454666.725032,172
1709454666.761570,170
1709454666.788143,170
1709454666.805841,171
1709454666.845695,171
1709454666.870592,170
1709454666.890057,171
1709454666.950591,170
1709454666.968268,171
1709454666.988892,170
1709454667.052410,166
1709454667.073915,168
1709454667.091915,167
1709454667.116724,165
1709454667.147900,166
1709454667.172955,166
1709454667.213697,163
1709454667.273642,162
1709454667.329825,164
1709454667.356332,162
1709454667.378922,162
1709454667.399717,161
1709454667.450321,161
1709454667.475871,159
1709454667.498183,158
1709454667.551099,156
1709454667.577417,157
1709454667.598176,157
1709454667.642837,156
1709454667.702143,156
1709454667.738782,158
1709454667.777302,157
1709454667.811402,155
1709454667.839381,157
1709454667.869704,157
1709454667.890210,156
1709454667.928149,158
1709454667.972066,156
1709454667.991386,156
1709454668.014141,156
1709454668.053242,157
1709454668.092370,156
1709454668.145578,158
1709454668.212482,158
1709454668.291009,159
1709454668.309985,159
1709454668.336108,159
1709454668.409020,157
1709454668.429253,157
1709454668.475101,154
1709454668.499039,157
1709454668.558849,156
1709454668.584468,158
1709454668.637227,152
1709454668.664797,156
1709454668.683267,156
1709454668.726768,151
1709454668.752521,157
1709454668.771892,155
1709454668.806053,156
1709454668.831970,155
1709454668.876591,151
1709454668.902668,156
1709454668.920302,156
1709454668.979793,152
1709454669.000477,154
1709454669.022779,155
1709454669.046188,155
1709454669.072316,154
1709454669.119061,152
1709454669.145945,155
1709454669.180692,155
1709454669.233258,150
1709454669.271531,152
1709454669.304258,155
1709454669.323863,153
1709454669.345764,153
1709454669.401471,152
1709454669.427753,153
1709454669.447990,152
1709454669.519515,153
1709454669.542299,152
1709454669.562303,152
1709454669.579785,151
1709454669.600130,153
1709454669.622415,151
1709454669.644207,150
1709454669.689065,152
1709454669.713449,151
1709454669.758427,145
1709454669.785710,149
1709454669.825767,147
1709454669.882720,151
1709454669.908560,149
1709454669.976719,149
1709454670.007722,149
1709454670.051944,148
1709454670.069762,151
1709454670.125662,150
1709454670.188646,150
1709454670.227397,152
1709454670.274565,151
1709454670.307654,152
1709454670.360200,148
1709454670.383214,152
1709454670.424808,153
1709454670.447022,152
1709454670.467319,153
1709454670.492006,150
1709454670.543550,149
1709454670.572830,151
1709454670.596443,151
1709454670.647288,149
1709454670.665570,151
1709454670.690333,151
1709454670.718079,149
1709454670.768403,151
1709454670.797147,150
1709454670.837903,149
1709454670.858044,151
1709454670.880509,150
1709454670.919038,149
1709454670.988605,152
1709454671.053587,152
1709454671.070047,153
1709454671.114498,149
1709454671.152924,152
1709454671.192069,154
1709454671.218365,151
1709454671.241875,150
1709454671.286858,153
1709454671.317575,150
1709454671.336028,150
1709454671.363283,151
1709454671.381152,153
1709454671.433746,149
1709454671.452574,152
1709454671.502415,148
1709454671.549549,153
1709454671.589860,154
1709454671.658613,153
1709454671.679683,153
1709454671.702059,155
1709454671.722092,153
1709454671.762894,150
1709454671.783936,152
1709454671.803309,152
1709454671.821274,154
1709454671.845272,152
1709454671.870074,151
1709454671.893362,154
1709454671.940432,151
1709454671.963855,150
1709454671.987396,153
1709454672.038955,153
1709454672.067942,151
1709454672.084484,152
1709454672.115653,155
1709454672.136139,153
1709454672.179224,148
1709454672.201473,152
1709454672.223293,152
1709454672.248589,151
1709454672.265579,151
1709454672.287688,151
1709454672.315672,152
1709454672.337511,151
1709454672.388705,148
1709454672.434528,151
1709454672.454450,154
1709454672.475743,152
1709454672.544705,152
1709454672.593609,148
1709454672.619629,150
1709454672.655495,152
1709454672.681261,151
1709454672.721116,148
1709454672.757257,152
1709454672.779779,153
1709454672.800409,154
1709454672.862071,155
1709454672.883074,153
1709454672.902627,153
1709454672.937140,152
1709454672.962043,155
1709454672.985995,155
1709454673.036242,148
1709454673.058520,152
1709454673.077996,154
1709454673.133879,151
1709454673.153060,154
1709454673.193102,148
1709454673.247465,151
1709454673.294996,154
1709454673.319845,154
1709454673.372045,150
1709454673.405830,152
1709454673.431291,152
1709454673.473050,154
1709454673.493734,154
1709454673.560846,150
1709454673.590307,154
1709454673.623272,156
1709454673.645033,156
1709454673.664701,155
1709454673.698247,154
1709454673.742965,154
1709454673.762170,156
1709454673.784388,154
1709454673.813958,155
1709454673.842318,153
1709454673.868232,156
1709454673.892592,156
1709454673.931460,154
1709454673.997777,151
1709454674.019890,156
1709454674.041543,155
1709454674.060060,155
1709454674.095518,153
1709454674.122426,152
1709454674.155718,154
1709454674.172829,154
1709454674.233527,156
1709454674.276691,151
1709454674.297521,154
1709454674.335718,151
1709454674.376755,155
1709454674.397530,155
1709454674.428202,155
1709454674.446903,156
1709454674.468342,155
1709454674.489035,155
1709454674.543527,152
1709454674.574569,152
1709454674.608912,154
1709454674.638042,154
1709454674.671532,155
1709454674.715927,152
1709454674.740374,155
1709454674.800117,156
1709454674.825111,156
1709454674.849695,156
1709454674.921292,152
1709454674.979922,153
1709454675.016455,154
1709454675.038229,153
1709454675.059961,154
1709454675.089887,155
1709454675.114023,154
1709454675.135330,152
1709454675.156185,155
1709454675.197528,150
1709454675.228498,154
1709454675.256856,154
1709454675.294801,153
1709454675.319156,154
1709454675.378557,154
1709454675.402288,155
1709454675.471308,154
1709454675.492052,155
1709454675.548423,153
1709454675.568422,155
1709454675.586358,154
1709454675.649982,155
1709454675.672134,154
1709454675.721829,150
1709454675.750360,153
1709454675.769950,154
1709454675.818423,155
1709454675.853394,155
1709454675.871997,155
1709454675.924387,152
1709454675.948474,155
1709454675.970736,155
1709454675.991401,154
1709454676.011258,156
1709454676.041467,156
1709454676.076555,153
1709454676.101705,155
1709454676.140046,155
1709454676.190587,156
1709454676.239785,149
1709454676.259555,154
1709454676.281013,156
1709454676.303097,155
1709454676.338114,154
1709454676.368310,154
1709454676.403030,156
1709454676.422174,155
1709454676.439372,155
1709454676.500652,150
1709454676.522878,154
1709454676.553278,155
1709454676.605387,155
1709454676.639037,156
1709454676.666976,156
1709454676.716263,153
1709454676.737637,156
1709454676.770535,156
1709454676.789170,155
1709454676.843979,151
1709454676.871011,157
1709454676.889873,157
1709454676.915957,155
1709454676.935178,155
1709454676.964232,155
1709454676.988197,156
1709454677.043313,151
1709454677.067885,155
1709454677.123010,152
1709454677.186237,156
1709454677.207072,156
1709454677.262300,155
1709454677.301092,152
1709454677.323393,156
1709454677.343616,156
1709454677.361758,157
1709454677.383862,154
1709454677.427649,153
1709454677.446415,157
1709454677.466336,157
1709454677.492066,154
1709454677.513304,157
1709454677.565294,156
1709454677.586220,156
1709454677.613119,157
1709454677.647195,157
1709454677.664238,156
1709454677.700419,155
1709454677.741402,156
1709454677.814626,154
1709454677.854288,157
1709454677.874652,156
1709454677.917904,151
1709454677.939372,156
1709454677.964567,157
1709454678.003371,156
1709454678.030947,155
1709454678.079705,155
1709454678.109553,156
1709454678.162067,157
1709454678.189548,157
1709454678.214698,156
1709454678.266014,156
1709454678.293558,157
1709454678.329444,155
1709454678.350127,156
1709454678.392396,157
1709454678.416298,155
1709454678.438030,157
1709454678.490289,155
1709454678.513315,157
1709454678.534721,157
1709454678.553125,157
1709454678.573845,156
1709454678.593730,157
1709454678.619082,157
1709454678.647015,157
1709454678.708544,154
1709454678.727154,157
1709454678.750251,157
1709454678.804356,156
1709454678.856582,159
1709454678.880567,155
1709454678.950776,157
1709454678.995941,157
1709454679.017556,158
1709454679.043997,157
1709454679.070785,157
1709454679.143059,156
1709454679.170912,159
1709454679.215154,159
1709454679.236362,158
1709454679.274371,156
1709454679.295824,159
1709454679.312823,157
1709454679.349918,158
1709454679.373649,158
1709454679.393826,157
1709454679.415766,157
1709454679.468796,156
1709454679.533342,157
1709454679.552112,158
1709454679.572571,158
1709454679.597677,158
1709454679.615977,158
1709454679.639679,157
1709454679.705098,153
1709454679.726173,157
1709454679.751516,158
1709454679.790719,157
1709454679.826584,158
1709454679.844748,158
1709454679.868244,157
1709454679.889525,157
1709454679.946461,158
1709454679.967313,157
1709454680.005773,158
1709454680.043916,159
1709454680.068979,159
1709454680.088175,158
1709454680.132398,156
1709454680.157510,160
1709454680.177428,159
1709454680.200774,158
1709454680.224113,161
1709454680.258472,160
1709454680.299139,156
1709454680.317197,161
1709454680.351695,156
1709454680.379672,157
1709454680.428572,161
1709454680.453134,160
1709454680.491173,155
1709454680.519578,161
1709454680.568188,159
1709454680.601102,160
1709454680.625441,160
1709454680.656959,160
1709454680.706300,157
1709454680.729152,159
1709454680.767589,157
1709454680.799100,160
1709454680.822761,160
1709454680.853234,160
1709454680.901491,160
1709454680.927168,159
1709454680.955634,159
1709454680.996210,160
1709454681.053401,160
1709454681.089559,159
1709454681.106823,159
1709454681.130267,158
1709454681.165611,159
1709454681.195823,159
1709454681.239068,155
1709454681.256428,160
1709454681.293827,161
1709454681.396172,161
1709454681.428298,161
1709454681.461175,161
1709454681.513751,156
1709454681.545448,160
1709454681.569191,159
1709454681.589463,160
1709454681.610317,161
1709454681.642438,159
1709454681.673280,161
1709454681.693826,161
1709454681.725812,159
1709454681.765399,160
1709454681.784572,160
1709454681.831732,159
1709454681.856792,159
1709454681.877841,160
1709454681.941564,157
1709454681.970465,158
1709454682.011214,159
1709454682.053625,160
1709454682.078761,159
1709454682.097658,159
1709454682.115880,158
1709454682.164931,156
1709454682.188885,159
1709454682.234941,159
1709454682.259147,160
1709454682.283020,158
1709454682.328674,160
1709454682.348061,160
1709454682.364931,160
1709454682.407782,160
1709454682.432714,158
1709454682.466794,159
1709454682.486545,159
1709454682.519351,160
1709454682.568913,159
1709454682.592601,159
1709454682.632458,160
1709454682.655386,160
1709454682.725535,162
1709454682.789619,159
1709454682.813662,161
1709454682.836628,163
1709454682.853736,163
1709454682.870732,160
1709454682.896245,160
1709454682.946756,158
1709454682.968717,159
1709454683.028536,158
1709454683.059600,162
1709454683.126032,161
1709454683.147611,163
1709454683.173154,162
1709454683.234671,156
1709454683.255156,163
1709454683.281483,163
1709454683.306671,161
1709454683.330232,161
1709454683.351039,162
1709454683.394311,161
1709454683.431616,158
1709454683.450756,162
1709454683.501414,163
1709454683.530481,162
1709454683.559438,162
1709454683.588351,163
1709454683.639194,158
1709454683.659849,163
1709454683.716691,163
1709454683.765966,164
1709454683.847989,158
1709454683.910233,163
1709454683.932729,163
1709454683.987859,164
1709454684.031648,162
1709454684.079817,159
1709454684.101578,163
1709454684.128816,163
1709454684.151955,163
1709454684.176098,164
1709454684.201643,163
1709454684.229318,162
1709454684.255544,163
1709454684.316512,160
1709454684.336474,163
1709454684.355360,162
1709454684.399623,162
1709454684.424667,162
1709454684.460780,161
1709454684.512073,163
1709454684.531971,163
1709454684.588872,163
1709454684.606131,162
1709454684.628029,163
1709454684.649862,164
1709454684.673732,163
1709454684.719139,162
1709454684.761464,164
1709454684.812577,161
1709454684.833311,165
1709454684.856801,165
1709454684.898535,164
1709454684.915512,163
1709454684.967341,162
1709454684.989753,165
1709454685.045893,165
1709454685.063730,164
1709454685.119815,163
1709454685.139929,163
1709454685.165884,164
1709454685.187558,163
1709454685.206908,164
1709454685.265354,159
1709454685.316041,163
1709454685.350396,164
1709454685.397836,160
1709454685.421718,164
1709454685.441147,164
1709454685.472412,162
1709454685.529968,163
1709454685.552329,163
1709454685.581116,163
1709454685.628216,163
1709454685.649071,163
1709454685.722001,158
1709454685.744623,161
1709454685.772519,164
1709454685.827771,157
1709454685.890753,163
1709454685.912645,162
1709454685.945190,163
1709454685.978101,161
1709454686.001021,163
1709454686.038893,160
1709454686.082404,163
1709454686.152929,160
1709454686.170160,163
1709454686.219286,163
1709454686.244077,161
1709454686.263813,162
1709454686.288259,162
1709454686.317082,163
1709454686.396943,160
1709454686.428449,164
1709454686.448592,163
1709454686.479420,162
1709454686.534817,161
1709454686.559736,161
1709454686.582295,161
1709454686.625287,163
1709454686.646765,162
1709454686.665858,162
1709454686.683847,162
1709454686.703639,162
1709454686.737907,159
1709454686.756230,163
1709454686.774281,163
1709454686.841785,164
1709454686.860273,163
1709454686.902436,164
1709454686.923548,160
1709454686.985029,162
1709454687.017957,161
1709454687.076077,156
1709454687.096848,163
1709454687.127928,165
1709454687.162035,163
1709454687.182502,164
1709454687.253932,164
1709454687.276278,165
1709454687.299697,164
1709454687.320083,164
1709454687.339394,165
1709454687.358148,163
1709454687.424892,165
1709454687.447927,165
1709454687.472413,165
1709454687.546055,163
1709454687.572512,165
1709454687.645842,164
1709454687.714357,166
1709454687.731952,166
1709454687.759272,164
1709454687.796942,167
1709454687.830196,167
1709454687.851891,166
1709454687.873716,166
1709454687.900826,167
1709454687.981163,164
1709454688.003819,168
1709454688.038384,168
1709454688.061101,167
1709454688.082737,167
1709454688.102599,167
1709454688.149472,166
1709454688.174569,168
1709454688.219220,168
1709454688.240999,169
1709454688.285045,162
1709454688.310013,166
1709454688.373876,166
1709454688.394847,167
1709454688.431911,167
1709454688.456437,168
1709454688.483403,164
1709454688.522962,162
1709454688.555329,167
1709454688.574643,168
1709454688.599028,167
1709454688.650413,166
1709454688.708178,166
1709454688.743066,166
1709454688.765595,168
1709454688.787370,166
1709454688.820436,168
1709454688.849496,166
1709454688.868279,168
1709454688.918709,165
1709454688.968765,168
1709454689.021669,168
1709454689.040455,166
1709454689.095228,161
1709454689.120414,168
1709454689.141553,165
1709454689.160825,166
1709454689.187580,166
1709454689.250316,162
1709454689.272952,166
1709454689.293233,166
1709454689.312155,165
1709454689.333123,165
1709454689.361025,164
1709454689.413504,162
1709454689.452812,165
1709454689.472245,166
1709454689.535054,162
1709454689.559828,165
1709454689.597076,165
1709454689.631402,165
1709454689.654321,166
1709454689.703966,162
1709454689.755884,163
1709454689.785401,165
1709454689.804628,166
1709454689.859256,166
1709454689.914870,163
1709454689.946692,164
1709454689.977035,166
1709454690.054831,167
1709454690.132054,166
1709454690.156619,167
1709454690.186765,167
1709454690.234006,168
1709454690.287829,165
1709454690.305883,168
1709454690.330439,167
1709454690.393657,167
1709454690.430044,168
1709454690.464029,168
1709454690.483655,167
1709454690.504211,168
1709454690.525045,167
1709454690.555466,168
1709454690.607133,164
1709454690.637192,167
1709454690.661280,167
1709454690.693476,167
1709454690.729714,164
1709454690.776160,164
1709454690.827484,161
1709454690.852896,166
1709454690.872573,166
1709454690.895735,166
1709454690.912928,166
1709454690.930398,166
1709454690.960738,166
1709454690.981845,166
1709454691.003200,166
1709454691.070441,165
1709454691.103183,165
1709454691.142394,164
1709454691.172421,165
1709454691.194557,167
1709454691.216560,165
1709454691.237242,167
1709454691.255373,167
1709454691.281663,165
1709454691.337042,165
1709454691.367722,165
1709454691.413890,164
1709454691.468561,167
1709454691.524935,162
1709454691.582337,164
1709454691.634819,167
1709454691.665380,167
1709454691.684729,167
1709454691.701192,166
1709454691.725352,166
1709454691.776318,167
1709454691.801086,166
1709454691.833319,168
1709454691.868727,168
1709454691.916923,164
1709454691.983026,166
1709454692.040503,167
1709454692.063412,169
1709454692.083499,168
1709454692.103623,168
1709454692.141954,167
1709454692.178468,168
1709454692.206881,168
1709454692.234195,167
1709454692.261432,168
1709454692.298303,163
1709454692.326046,168
1709454692.347843,167
1709454692.367127,168
1709454692.393235,168
1709454692.457808,163
1709454692.492647,169
1709454692.543730,161
1709454692.563695,169
1709454692.585135,167
1709454692.616072,167
1709454692.649552,168
1709454692.679218,166
1709454692.721273,166
1709454692.800796,167
1709454692.851423,168
1709454692.893592,164
1709454692.921399,167
1709454692.943350,167
1709454692.990488,165
1709454693.018840,168
1709454693.066472,167
1709454693.092942,169
1709454693.117796,168
1709454693.140551,166
1709454693.190086,167
1709454693.235793,163
1709454693.302593,167
1709454693.335682,169
1709454693.358986,170
1709454693.382350,170
1709454693.403594,169
1709454693.426073,169
1709454693.477198,168
1709454693.502338,168
1709454693.524010,169
1709454693.547400,169
1709454693.568040,167
1709454693.587468,169
1709454693.637804,169
1709454693.657811,169
1709454693.691158,166
1709454693.743344,169
1709454693.787274,165
1709454693.819673,166
1709454693.847870,170
1709454693.867800,169
1709454693.887949,169
1709454693.915428,167
1709454693.936235,169
1709454693.963180,168
1709454693.998754,167
1709454694.018545,168
1709454694.039221,167
1709454694.093106,166
1709454694.128670,168
1709454694.160083,167
1709454694.179802,168
1709454694.242213,168
1709454694.267542,168
1709454694.295537,170
1709454694.323835,170
1709454694.353497,170
1709454694.388319,169
1709454694.408379,169
1709454694.427505,170
1709454694.447976,168
1709454694.474353,169
1709454694.519768,169
1709454694.541648,169
1709454694.561784,169
1709454694.583082,170
1709454694.603113,169
1709454694.652050,170
1709454694.721775,170
1709454694.741799,169
1709454694.776921,170
1709454694.798928,170
1709454694.824492,169
1709454694.883969,169
1709454694.918185,170
1709454694.948606,170
1709454694.993699,169
1709454695.043613,168
1709454695.067986,170
1709454695.091164,170
1709454695.141030,168
1709454695.161845,170
1709454695.196765,170
1709454695.215043,171
1709454695.251202,168
1709454695.270113,171
1709454695.298704,171
1709454695.352618,170
1709454695.383148,172
1709454695.405369,171
1709454695.424965,170
1709454695.490749,173
1709454695.516782,170
1709454695.538600,170
1709454695.564188,171
1709454695.583991,170
1709454695.610898,171
1709454695.641000,170
1709454695.673981,164
1709454695.695992,170
1709454695.716096,170
1709454695.737931,169
1709454695.790953,167
1709454695.814271,169
1709454695.859481,170
1709454695.921940,168
1709454695.971431,171
1709454695.989623,171
1709454696.007359,170
1709454696.035077,170
1709454696.075838,172
1709454696.096431,171
1709454696.122948,171
1709454696.154974,171
1709454696.174656,170
1709454696.192537,171
1709454696.216910,169
1709454696.282511,168
1709454696.305652,172
1709454696.338398,172
1709454696.364608,171
1709454696.401705,173
1709454696.438909,170
1709454696.458148,172
1709454696.493759,171
1709454696.524647,171
1709454696.547130,173
1709454696.570264,172
1709454696.634502,170
1709454696.675301,169
1709454696.707110,171
1709454696.734792,172
1709454696.768552,170
1709454696.801829,172
1709454696.825969,171
1709454696.856860,172
1709454696.892035,171
1709454696.963092,170
1709454696.984496,172
1709454697.005235,171
1709454697.022884,171
1709454697.057822,170
1709454697.107055,168
1709454697.129659,168
1709454697.168386,172
1709454697.225532,168
1709454697.244543,169
1709454697.277972,172
1709454697.320249,168
1709454697.340647,170
1709454697.368373,171
1709454697.401614,170
1709454697.421734,170
1709454697.471003,168
1709454697.518750,168
1709454697.537338,171
1709454697.570022,170
1709454697.589960,171
1709454697.622765,165
1709454697.645489,169
1709454697.682033,167
1709454697.702830,173
1709454697.720449,172
1709454697.740331,172
1709454697.764600,171
1709454697.846657,169
1709454697.884856,171
1709454697.913313,173
1709454697.944020,171
1709454697.999901,173
1709454698.038127,173
1709454698.062619,171
1709454698.133832,172
1709454698.155459,172
1709454698.202530,168
1709454698.225291,172
1709454698.283480,171
1709454698.305176,173
1709454698.325356,172
1709454698.345450,171
1709454698.365108,172
1709454698.393441,172
1709454698.433402,173
1709454698.456447,173
1709454698.477581,172
1709454698.494966,173
1709454698.522234,170
1709454698.568069,173
1709454698.589300,172
1709454698.628712,172
1709454698.657154,173
1709454698.683042,172
1709454698.708672,172
1709454698.725251,171
1709454698.746085,172
1709454698.767572,172
1709454698.795697,170
1709454698.814362,172
1709454698.876701,168
1709454698.941278,172
1709454698.965825,173
1709454698.988059,171
1709454699.051568,172
1709454699.102958,168
1709454699.126034,172
1709454699.152529,171
1709454699.184581,170
1709454699.228144,171
1709454699.248016,172
1709454699.309922,172
1709454699.334514,172
1709454699.353297,172
1709454699.375520,173
1709454699.392914,172
1709454699.414770,172
1709454699.438660,172
1709454699.475374,173
1709454699.534640,168
1709454699.558132,172
1709454699.613538,172
1709454699.639916,171
1709454699.667898,172
1709454699.690026,172
1709454699.745433,169
1709454699.768431,172
1709454699.824469,170
1709454699.858382,173
1709454699.876847,173
1709454699.907206,171
1709454699.929447,172
1709454699.974657,172
1709454700.038048,173
1709454700.064502,173
1709454700.105126,174
1709454700.131701,172
1709454700.161277,170
1709454700.200032,171
1709454700.233740,172
1709454700.250685,173
1709454700.297098,172
1709454700.320817,172
1709454700.390134,171
1709454700.432532,174
1709454700.452500,173
1709454700.472191,174
1709454700.493800,172
1709454700.513473,174
1709454700.536516,173
1709454700.558351,172
1709454700.579228,173
1709454700.619632,167
1709454700.660501,170
1709454700.734910,172
1709454700.795724,175
1709454700.815533,173
1709454700.835373,173
1709454700.886305,174
1709454700.912489,171
1709454700.956208,174
1709454701.028943,174
1709454701.059657,172
1709454701.153323,171
1709454701.172647,175
1709454701.202782,176
1709454701.244815,171
1709454701.267248,176
1709454701.332448,176
1709454701.369666,175
1709454701.397299,175
1709454701.439079,174
1709454701.468614,176
1709454701.529616,175
1709454701.556240,176
1709454701.575047,176
1709454701.593351,175
1709454701.653950,176
1709454701.673444,176
1709454701.697816,176
1709454701.737538,174
1709454701.759134,175
1709454701.778816,175
1709454701.829747,174
1709454701.876364,174
1709454701.927888,177
1709454701.949200,174
1709454701.995513,172
1709454702.026705,176
1709454702.044477,175
1709454702.068969,173
1709454702.101186,176
1709454702.155418,173
1709454702.175921,173
1709454702.194033,176
1709454702.258424,171
1709454702.284527,174
1709454702.305804,174
1709454702.332981,174
1709454702.355156,175
1709454702.378248,174
1709454702.402799,175
1709454702.429483,174
1709454702.476359,175
1709454702.495237,175
1709454702.537617,175
1709454702.583166,174
1709454702.604092,176
1709454702.623866,175
1709454702.680665,176
1709454702.775261,175
1709454702.794940,177
1709454702.830379,176
1709454702.858377,176
1709454702.894450,175
1709454702.964773,173
1709454703.014313,174
1709454703.036273,177
1709454703.081072,177
1709454703.101513,176
1709454703.165218,177
1709454703.197338,176
1709454703.223113,176
1709454703.254210,176
1709454703.284418,175
1709454703.304621,178
1709454703.347549,174
1709454703.403252,175
1709454703.438485,178
1709454703.457592,176
1709454703.490091,176
1709454703.512361,177
1709454703.555583,174
1709454703.582835,177
1709454703.601603,177
1709454703.634876,176
1709454703.669480,170
1709454703.699604,177
1709454703.720575,175
1709454703.780319,173
1709454703.801927,174
1709454703.825232,175
1709454703.886477,175
1709454703.909585,175
1709454703.942992,177
1709454703.965743,176
1709454704.009601,171
1709454704.074875,175
1709454704.130030,175
1709454704.147551,176
1709454704.165218,176
1709454704.218585,171
1709454704.237870,177
1709454704.270993,177
1709454704.308346,172
1709454704.359953,172
1709454704.377964,176
1709454704.395908,177
1709454704.421684,177
1709454704.444852,175
1709454704.471483,177
1709454704.518984,172
1709454704.542788,175
1709454704.571124,177
1709454704.626030,176
1709454704.645606,177
1709454704.667679,177
1709454704.685943,175
1709454704.708631,177
1709454704.728899,175
1709454704.750861,176
1709454704.788560,171
1709454704.844393,175
1709454704.869440,176
1709454704.902344,177
1709454704.931797,175
1709454704.990304,172
1709454705.029688,177
1709454705.088505,178
1709454705.114804,176
1709454705.139550,175
1709454705.169900,175
1709454705.199687,177
1709454705.265121,171
1709454705.297790,178
1709454705.317770,178
1709454705.354985,176
1709454705.389663,176
1709454705.430141,177
1709454705.473371,177
1709454705.504695,177
1709454705.533733,177
1709454705.557918,177
1709454705.591272,178
1709454705.611822,178
1709454705.656520,178
1709454705.676102,177
1709454705.694183,177
1709454705.712291,176
1709454705.733817,178
1709454705.751887,177
1709454705.823810,174
1709454705.851624,177
1709454705.870303,178
1709454705.910493,176
1709454705.986552,177
1709454706.004520,177
1709454706.032573,176
1709454706.081987,176
1709454706.100027,176
1709454706.123539,178
1709454706.146247,177
1709454706.196976,174
1709454706.217429,178
1709454706.235864,178
1709454706.281370,175
1709454706.314056,177
1709454706.341395,178
1709454706.389310,178
1709454706.454454,174
1709454706.481173,177
1709454706.514746,176
1709454706.535609,177
1709454706.584255,179
1709454706.630551,176
1709454706.656348,177
1709454706.691625,179
1709454706.748443,174
1709454706.769412,178
1709454706.787792,179
1709454706.826245,179
1709454706.886344,175
1709454706.910663,179
1709454706.934774,178
1709454706.956253,177
1709454706.994408,174
1709454707.016813,178
1709454707.044789,179
1709454707.068632,178
1709454707.086750,178
1709454707.108610,178
1709454707.137390,177
1709454707.188107,173
1709454707.207153,179
1709454707.236683,178
1709454707.293999,172
1709454707.316593,178
1709454707.340439,178
1709454707.359555,178
1709454707.382133,179
1709454707.404309,179
1709454707.424793,179
1709454707.472886,179
1709454707.512661,179
1709454707.534055,178
1709454707.572894,180
1709454707.612047,177
1709454707.640594,178
1709454707.658786,179
1709454707.717855,178
1709454707.763124,179
1709454707.785180,181
1709454707.811076,181
1709454707.831699,179
1709454707.889175,177
1709454707.908746,179
1709454707.937084,177
1709454707.977538,179
1709454707.997901,178
1709454708.017914,179
1709454708.036004,179
1709454708.057656,179
1709454708.090853,178
1709454708.128749,180
1709454708.152117,179
1709454708.176406,178
1709454708.237812,177
1709454708.256508,178
1709454708.276417,178
1709454708.319874,180
1709454708.346903,180
1709454708.396192,176
1709454708.439812,176
1709454708.481138,179
1709454708.533150,175
1709454708.572663,178
1709454708.610375,177
1709454708.643492,179
1709454708.684159,179
1709454708.723104,180
1709454708.779058,180
1709454708.804570,179
1709454708.869116,179
1709454708.913755,178
1709454708.954313,178
1709454708.983223,180
1709454709.004521,180
1709454709.066274,180
1709454709.112335,181
1709454709.156105,182
1709454709.188285,180
1709454709.224897,182
1709454709.242490,182
1709454709.260912,182
1709454709.290450,180
1709454709.310327,181
1709454709.336764,181
1709454709.378415,176
1709454709.400598,181
1709454709.421600,182
1709454709.477633,180
1709454709.499973,180
1709454709.530394,182
1709454709.581666,180
1709454709.602536,182
1709454709.648088,182
1709454709.704412,182
1709454709.731665,181
1709454709.756475,182
1709454709.820290,181
1709454709.884666,181
1709454709.902842,182
1709454709.921821,182
1709454709.949564,181
1709454709.968446,181
1709454709.996417,181
1709454710.044481,181
1709454710.097785,180
1709454710.124535,181
1709454710.144954,181
1709454710.164300,183
1709454710.209708,181
1709454710.228937,181
1709454710.250051,181
1709454710.270914,181
1709454710.309543,178
1709454710.332021,180
1709454710.350621,182
1709454710.369757,183
1709454710.388339,181
1709454710.446028,179
1709454710.506933,181
1709454710.525382,181
1709454710.557023,181
1709454710.608891,182
1709454710.644186,179
1709454710.684006,181
1709454710.710658,182
1709454710.729817,182
1709454710.751636,180
1709454710.816389,183
1709454710.837624,182
1709454710.897149,181
1709454710.925275,182
1709454710.942740,183
1709454710.963112,180
1709454711.001947,178
1709454711.024505,182
1709454711.047423,178
1709454711.097334,180
1709454711.116670,182
1709454711.143073,181
1709454711.164735,180
1709454711.183990,179
1709454711.207358,182
1709454711.269557,181
1709454711.301798,180
1709454711.344521,178
1709454711.367861,181
1709454711.388572,181
1709454711.437855,181
1709454711.457622,180
1709454711.508378,177
1709454711.528312,182
1709454711.582258,178
1709454711.609442,181
1709454711.630219,181
1709454711.663420,179
1709454711.710026,179
1709454711.737549,183
1709454711.760896,180
1709454711.819144,176
1709454711.846617,182
1709454711.871042,183
1709454711.894562,182
1709454711.932284,174
1709454711.963014,183
1709454711.997034,181
1709454712.019454,182
1709454712.042050,182
1709454712.060971,182
1709454712.091905,181
1709454712.124686,181
1709454712.149758,183
1709454712.204359,181
1709454712.225961,181
1709454712.251278,182
1709454712.277879,181
1709454712.300199,181
1709454712.318362,182
1709454712.341211,183
1709454712.409471,183
1709454712.434604,182
1709454712.497228,182
1709454712.530068,183
1709454712.607073,177
1709454712.628301,182
1709454712.672267,181
1709454712.691762,183
1709454712.714283,184
1709454712.735079,183
1709454712.755416,183
1709454712.773775,184
1709454712.821060,179
1709454712.840676,183
1709454712.889955,183
1709454712.907556,183
1709454712.925753,183
1709454712.955822,183
1709454712.974209,183
1709454713.007053,183
1709454713.029014,184
1709454713.048518,183
1709454713.071993,182
1709454713.118762,181
1709454713.137857,183
1709454713.170155,181
1709454713.189512,183
1709454713.208171,183
1709454713.225006,183
1709454713.247946,181
1709454713.284073,184
1709454713.325542,182
1709454713.374895,177
1709454713.393299,183
1709454713.416675,184
1709454713.441587,181
1709454713.459430,182
1709454713.480826,184
1709454713.550816,180
1709454713.573597,183
1709454713.596587,182
1709454713.623530,182
1709454713.653823,183
1709454713.702235,180
1709454713.747621,183
1709454713.765356,182
1709454713.810476,182
1709454713.851515,181
1709454713.883406,183
1709454713.923714,181
1709454713.950759,183
1709454713.975809,182
1709454714.007478,184
1709454714.036376,183
1709454714.053988,181
1709454714.106368,180
1709454714.133679,183
1709454714.186448,184
1709454714.241552,180
1709454714.259982,184
1709454714.291033,183
1709454714.329645,182
1709454714.362934,183
1709454714.385118,183
1709454714.402685,184
1709454714.422103,183
1709454714.467276,181
1709454714.489452,186
1709454714.537551,180
1709454714.563112,187
1709454714.579637,186
1709454714.600777,186
1709454714.621803,183
1709454714.673630,185
1709454714.690464,186
1709454714.711078,184
1709454714.762852,186
1709454714.791199,187
1709454714.818340,185
1709454714.863694,184
1709454714.884509,187
1709454714.930946,181
1709454714.951667,186
1709454714.986852,186
1709454715.018235,184
1709454715.061657,185
1709454715.081221,186
1709454715.100963,186
1709454715.128703,187
1709454715.173397,183
1709454715.200145,186
1709454715.281768,186
1709454715.306493,184
1709454715.365148,184
1709454715.427199,184
1709454715.447885,186
1709454715.488897,185
1709454715.521066,185
1709454715.541030,186
1709454715.570040,182
1709454715.589089,185
1709454715.638719,183
1709454715.672116,184
1709454715.695314,184
1709454715.748684,180
1709454715.771687,184
1709454715.789369,184
1709454715.821486,185
1709454715.842211,185
1709454715.869974,185
1709454715.923296,184
1709454715.949796,185
1709454715.970374,185
1709454715.994909,183
1709454716.050221,180
1709454716.088444,185
1709454716.113128,185
1709454716.167371,186
1709454716.188781,186
1709454716.209899,186
1709454716.229852,187
1709454716.249002,187
1709454716.294561,183
1709454716.320849,186
1709454716.342006,187
1709454716.362973,185
1709454716.387123,183
1709454716.407207,186
1709454716.433171,186
1709454716.452765,187
1709454716.502530,188
1709454716.540305,186
1709454716.564138,187
1709454716.585447,188
1709454716.610094,188
1709454716.657557,188
1709454716.705236,185
1709454716.767161,190
1709454716.786268,189
1709454716.807550,185
1709454716.839450,190
1709454716.904008,183
1709454716.928640,188
1709454716.948726,187
1709454716.971607,189
1709454717.011478,186
1709454717.039115,188
1709454717.056990,188
1709454717.103368,186
1709454717.130776,189
1709454717.150686,187
1709454717.173961,188
1709454717.199907,188
1709454717.221198,186
1709454717.273183,179
1709454717.293532,187
1709454717.324106,182
1709454717.349857,187
1709454717.382303,187
1709454717.400842,187
1709454717.422213,187
1709454717.474552,184
1709454717.500574,187
1709454717.562125,181
1709454717.588656,187
1709454717.607379,186
1709454717.634355,188
1709454717.680450,184
1709454717.704953,187
1709454717.764908,187
1709454717.787338,189
1709454717.819472,189
1709454717.852516,186
1709454717.902910,188
1709454717.921818,188
1709454717.971983,182
1709454718.002582,189
1709454718.035950,189
1709454718.064271,188
1709454718.088694,188
1709454718.119147,188
1709454718.140085,188
1709454718.160776,188
1709454718.183945,187
1709454718.234659,185
1709454718.253957,188
1709454718.307045,188
1709454718.332257,189
1709454718.355244,186
1709454718.375355,187
1709454718.396494,187
1709454718.420936,187
1709454718.468287,184
1709454718.505439,187
1709454718.577065,184
1709454718.608394,186
1709454718.625396,186
1709454718.648520,187
1709454718.670274,187
1709454718.731969,182
1709454718.750999,187
1709454718.771069,187
1709454718.828040,184
1709454718.856626,187
1709454718.880898,186
1709454718.944019,183
1709454718.981669,187
1709454719.024491,186
1709454719.054075,186
1709454719.079948,188
1709454719.124248,187
1709454719.142198,189
1709454719.180474,187
1709454719.208985,185
1709454719.273171,184
1709454719.316835,186
1709454719.338118,188
1709454719.358964,189
1709454719.387278,188
1709454719.429542,188
1709454719.478446,186
1709454719.499701,188
1709454719.521669,187
1709454719.581614,189
1709454719.600605,190
1709454719.621901,189
1709454719.642517,188
1709454719.662484,189
1709454719.724004,188
1709454719.746029,189
1709454719.790642,184
1709454719.822248,188
1709454719.840055,189
1709454719.867843,188
1709454719.920673,189
1709454719.945198,189
1709454719.993952,182
1709454720.013475,188
1709454720.040945,187
1709454720.109587,186
1709454720.168561,188
1709454720.215370,187
1709454720.244211,188
1709454720.291815,184
1709454720.311161,186
1709454720.376311,185
1709454720.408466,188
1709454720.435128,189
1709454720.482288,186
1709454720.523282,190
1709454720.552758,190
1709454720.574603,189
1709454720.597972,189
1709454720.625344,190
1709454720.694237,190
1709454720.726993,190
1709454720.782716,190
1709454720.813063,189
1709454720.848702,188
1709454720.893692,189
1709454720.919364,189
1709454720.943886,189
1709454721.004330,188
1709454721.032745,189
1709454721.052476,190
1709454721.075163,191
1709454721.095155,189
1709454721.150272,188
1709454721.174248,189
1709454721.228918,189
1709454721.248924,188
1709454721.286210,189
1709454721.333001,184
1709454721.388902,185
1709454721.407336,189
1709454721.425580,188
1709454721.457435,190
1709454721.500282,186
1709454721.533969,187
1709454721.552450,188
1709454721.595202,191
1709454721.618242,187
1709454721.638598,189
1709454721.663566,189
1709454721.711565,187
1709454721.763508,186
1709454721.786477,189
1709454721.810778,188
1709454721.835054,188
1709454721.856290,189
1709454721.876209,188
1709454721.895590,189
1709454721.913082,189
1709454721.935801,189
1709454721.955460,188
1709454722.015131,186
1709454722.066159,188
1709454722.087528,192
1709454722.118893,191
1709454722.139985,189
1709454722.164342,190
1709454722.233250,191
1709454722.257786,190
1709454722.329574,189
1709454722.358065,190
1709454722.377291,190
1709454722.409081,191
1709454722.441048,191
1709454722.510249,190
1709454722.540510,192
1709454722.565814,191
1709454722.592233,191
1709454722.609799,192
1709454722.635270,191
1709454722.670639,190
1709454722.691283,192
1709454722.709849,192
1709454722.734772,191
1709454722.784679,189
1709454722.808140,189
1709454722.841631,190
1709454722.867644,189
1709454722.889776,189
1709454722.908739,190
1709454722.936256,190
1709454722.992317,187
1709454723.012381,190
1709454723.046850,190
1709454723.095076,189
1709454723.128025,189
1709454723.153487,190
1709454723.197879,189
1709454723.233446,190
1709454723.258895,189
1709454723.304912,189
1709454723.327199,191
1709454723.345638,190
1709454723.364358,190
1709454723.396885,191
1709454723.453334,187
1709454723.481386,191
1709454723.526080,187
1709454723.547642,191
1709454723.595837,188
1709454723.626593,191
1709454723.663129,189
1709454723.696737,192
1709454723.715715,192
1709454723.739273,190
1709454723.792866,189
1709454723.824813,191
1709454723.856671,192
1709454723.888801,192
1709454723.918018,191
1709454723.943529,191
1709454723.992556,191
1709454724.031989,190
1709454724.055859,192
1709454724.074771,192
1709454724.096466,192
1709454724.129712,190
1709454724.180814,189
1709454724.205970,191
1709454724.229661,191
1709454724.289216,191
1709454724.312186,192
1709454724.361190,192
1709454724.426066,188
1709454724.455354,191
1709454724.495247,189
1709454724.517097,192
1709454724.569359,189
1709454724.590210,192
1709454724.642952,191
1709454724.663814,193
1709454724.689616,191
1709454724.728520,191
1709454724.771867,193
1709454724.795625,192
1709454724.822463,194
1709454724.842937,191
1709454724.899609,188
1709454724.919363,193
1709454724.962396,189
1709454724.988948,191
1709454725.007529,193
1709454725.051109,195
1709454725.075756,195
1709454725.097829,194
1709454725.120693,194
1709454725.159200,194
1709454725.177582,193
1709454725.196410,193
1709454725.226867,195
1709454725.247972,193
1709454725.276018,194
1709454725.322358,192
1709454725.348212,195
1709454725.382803,194
1709454725.428076,194
1709454725.449289,193
1709454725.469679,194
1709454725.518256,189
1709454725.538969,193
1709454725.606639,190
1709454725.627104,194
1709454725.644761,193
1709454725.705302,192
1709454725.736487,194
1709454725.798504,192
1709454725.819424,191
1709454725.848105,193
1709454725.889933,189
1709454725.926125,193
1709454725.950907,192
1709454726.000172,189
1709454726.028393,191
1709454726.086466,189
1709454726.107607,192
1709454726.133163,193
1709454726.155809,193
1709454726.177755,193
1709454726.197058,191
1709454726.245293,190
1709454726.283028,189
1709454726.303446,193
1709454726.322712,191
1709454726.343026,192
1709454726.388096,192
1709454726.448260,187
1709454726.471963,192
1709454726.536123,190
1709454726.561159,192
1709454726.612866,191
1709454726.653591,187
1709454726.677747,193
1709454726.722193,193
1709454726.738628,192
1709454726.788846,193
1709454726.809257,193
1709454726.848621,190
1709454726.874802,193
1709454726.893660,194
1709454726.935643,191
1709454726.978003,190
1709454726.999737,192
1709454727.055520,191
1709454727.075624,194
1709454727.109142,193
1709454727.126446,192
1709454727.165444,192
1709454727.206453,193
1709454727.224934,192
1709454727.247605,192
1709454727.270524,192
1709454727.304667,192
1709454727.345948,187
1709454727.377430,192
1709454727.413062,193
1709454727.438520,191
1709454727.461612,192
1709454727.506056,194
1709454727.559058,191
1709454727.584056,192
1709454727.620614,194
1709454727.680699,188
1709454727.703707,192
1709454727.752143,187
1709454727.773729,194
1709454727.808286,193
1709454727.861720,189
1709454727.911461,192
1709454727.933265,193
1709454727.960416,193
1709454727.986004,192
1709454728.031127,189
1709454728.053507,194
1709454728.080750,193
1709454728.132123,194
1709454728.151405,194
1709454728.192378,189
1709454728.223100,193
1709454728.263353,193
1709454728.312714,191
1709454728.372661,194
1709454728.392696,193
1709454728.425787,193
1709454728.449042,195
1709454728.470408,195
1709454728.495658,193
1709454728.573105,191
1709454728.603917,193
1709454728.664203,190
1709454728.698476,193
1709454728.760986,193
1709454728.788792,193
1709454728.819416,192
1709454728.844193,194
1709454728.887065,191
1709454728.920021,192
1709454728.942552,193
1709454728.961046,193
1709454729.017234,193
1709454729.041703,193
1709454729.059124,193
1709454729.080849,195
1709454729.114015,194
1709454729.153368,188
1709454729.174803,194
1709454729.223100,191
1709454729.244496,194
1709454729.269090,194
1709454729.291362,194
1709454729.313039,194
1709454729.349458,186
1709454729.368737,194
1709454729.433994,193
1709454729.461143,192
1709454729.483229,193
1709454729.500811,192
1709454729.520895,193
1709454729.553098,194
1709454729.604033,194
1709454729.632090,194
1709454729.657216,189
1709454729.696574,195
1709454729.718493,194
1709454729.745575,193
1709454729.812417,195
1709454729.836041,194
1709454729.865035,194
1709454729.910228,192
1709454729.933954,194
1709454729.974655,194
1709454730.000442,194
1709454730.076553,193
1709454730.098626,194
1709454730.125956,195
1709454730.149078,193
1709454730.212720,193
1709454730.247055,195
1709454730.268260,195
1709454730.289703,194
1709454730.350546,195
1709454730.387936,193
1709454730.422005,195
1709454730.443195,196
1709454730.485727,193
1709454730.509577,194
1709454730.560047,193
1709454730.616503,189
1709454730.651423,194
1709454730.670082,197
1709454730.702405,195
1709454730.736538,195
1709454730.778185,195
1709454730.801619,195
1709454730.826134,195
1709454730.843675,194
1709454730.867093,194
1709454730.905593,195
1709454730.965589,194
1709454730.995392,196
1709454731.042728,196
1709454731.067487,194
1709454731.094916,197
1709454731.116559,196
1709454731.143852,195
1709454731.200885,198
1709454731.220927,196
1709454731.254414,195
1709454731.286393,196
1709454731.308034,195
1709454731.331938,197
1709454731.396600,195
1709454731.427000,196
1709454731.446196,196
1709454731.478836,196
1709454731.532302,197
1709454731.592485,194
1709454731.646060,197
1709454731.663364,197
1709454731.691117,198
1709454731.734262,196
1709454731.759572,198
1709454731.780535,196
1709454731.807679,197
1709454731.858137,198
1709454731.881458,197
1709454731.930497,195
1709454731.974078,197
1709454732.017955,196
1709454732.045046,196
1709454732.108107,192
1709454732.135452,197
1709454732.169062,198
1709454732.195381,197
1709454732.214555,197
1709454732.265049,194
1709454732.283925,197
1709454732.313092,199
1709454732.374354,197
1709454732.391438,198
1709454732.413578,199
1709454732.475221,198
1709454732.503321,197
1709454732.524096,196
1709454732.549007,199
1709454732.584859,194
1709454732.619183,198
1709454732.640693,198
1709454732.670497,195
1709454732.692588,197
1709454732.716085,199
1709454732.758007,195
1709454732.788390,197
1709454732.817277,199
1709454732.846030,199
1709454732.876103,199
1709454732.921203,193
1709454732.984509,198
1709454733.007539,198
1709454733.039606,199
1709454733.083499,198
1709454733.108148,197
1709454733.126168,199
1709454733.160053,196
1709454733.198009,198
1709454733.221942,197
1709454733.243699,197
1709454733.270764,197
1709454733.320998,197
1709454733.354319,192
1709454733.380587,196
1709454733.404099,197
1709454733.446922,192
1709454733.478897,196
1709454733.499677,196
1709454733.519061,196
1709454733.540147,195
1709454733.580880,196
1709454733.603814,195
1709454733.626247,197
1709454733.668482,195
1709454733.687826,197
1709454733.732065,193
1709454733.750086,196
1709454733.773083,196
1709454733.795948,195
1709454733.820460,196
1709454733.839730,198
1709454733.866158,196
1709454733.890990,196
1709454733.913539,196
1709454733.964519,192
1709454733.999855,196
1709454734.025649,198
1709454734.047165,197
1709454734.101728,193
1709454734.134516,198
1709454734.184826,192
1709454734.209148,198
1709454734.233919,197
1709454734.252610,197
1709454734.306522,198
1709454734.329918,198
1709454734.348963,196
1709454734.381826,197
1709454734.424438,198
1709454734.444892,199
1709454734.470718,197
1709454734.532316,192
1709454734.598469,198
1709454734.618968,198
1709454734.641083,199
1709454734.667203,196
1709454734.692839,197
1709454734.716749,197
1709454734.760165,198
1709454734.785723,197
1709454734.804721,196
1709454734.835655,195
1709454734.867536,198
1709454734.887195,196
1709454734.920615,197
1709454734.937777,197
1709454734.974273,198
1709454735.014370,198
1709454735.037440,197
1709454735.096115,191
1709454735.116811,197
1709454735.149591,198
1709454735.188760,194
1709454735.213354,196
1709454735.242208,195
1709454735.290269,196
1709454735.322725,197
1709454735.366736,196
1709454735.408161,196
1709454735.445717,198
1709454735.467386,198
1709454735.516978,194
1709454735.568201,194
1709454735.619426,199
1709454735.641746,198
1709454735.673352,196
1709454735.705547,198
1709454735.726413,199
1709454735.748327,200
1709454735.819851,196
1709454735.839607,198
1709454735.876654,198
1709454735.897988,199
1709454735.919614,199
1709454735.941504,199
1709454735.997370,198
1709454736.015571,199
1709454736.058847,200
1709454736.087303,197
1709454736.120207,199
1709454736.149789,198
1709454736.170851,198
1709454736.231252,196
1709454736.250240,198
1709454736.273448,197
1709454736.342131,197
1709454736.359785,198
1709454736.383579,199
1709454736.422771,198
1709454736.479462,196
1709454736.501745,198
1709454736.519655,199
1709454736.540660,199
1709454736.583232,198
1709454736.630290,199
1709454736.653228,200
1709454736.674305,198
1709454736.719588,195
1709454736.736037,199
1709454736.756285,199
1709454736.777795,198
1709454736.804943,197
1709454736.879356,200
1709454736.920537,196
1709454736.943194,198
1709454736.986379,199
1709454737.028602,198
1709454737.053485,200
1709454737.075178,199
1709454737.112990,199
1709454737.135899,200
1709454737.173881,199
1709454737.206548,199
1709454737.264231,198
1709454737.284199,198
1709454737.321609,200
1709454737.351482,199
1709454737.391053,195
1709454737.428872,195
1709454737.457145,198
1709454737.483157,199
1709454737.507999,199
1709454737.553443,200
1709454737.587158,199
1709454737.626607,200
1709454737.644615,200
1709454737.668034,199
1709454737.687215,199
1709454737.739472,198
1709454737.765615,200
1709454737.807656,196
1709454737.829625,200
1709454737.850798,200
1709454737.874625,199
1709454737.900272,200
1709454737.921497,200
1709454737.977213,196
1709454737.997188,199
1709454738.021495,199
1709454738.041713,200
1709454738.063083,200
1709454738.091613,200
1709454738.145911,198
1709454738.169271,199
1709454738.193048,198
1709454738.236691,197
1709454738.268321,199
1709454738.298329,200
1709454738.372040,201
1709454738.417522,199
1709454738.438529,203
1709454738.470340,200
1709454738.540953,203
1709454738.594660,195
1709454738.619395,202
1709454738.639937,203
1709454738.669972,201
1709454738.719554,202
1709454738.746042,202
1709454738.803788,201
1709454738.825465,201
1709454738.844004,202
1709454738.873124,203
1709454738.897413,202
1709454738.957477,203
1709454738.987187,203
1709454739.007416,201
1709454739.072903,202
1709454739.097251,201
1709454739.118437,203
1709454739.145117,202
1709454739.172625,201
1709454739.221213,196
1709454739.239366,202
1709454739.263320,198
1709454739.298406,202
1709454739.320961,202
1709454739.344561,202
1709454739.363622,200
1709454739.385779,202
1709454739.427313,197
1709454739.447359,201
1709454739.515126,201
1709454739.538465,202
1709454739.558378,201
1709454739.577934,201
1709454739.595559,201
1709454739.646479,199
1709454739.667479,201
1709454739.721868,197
1709454739.743567,201
1709454739.798331,201
1709454739.818809,202
1709454739.888198,201
1709454739.907430,203
1709454739.951111,202
1709454739.979421,199
1709454740.005175,204
1709454740.027141,204
1709454740.049053,203
1709454740.074016,201
1709454740.103451,201
1709454740.128812,203
1709454740.183451,201
1709454740.205321,203
1709454740.234103,203
1709454740.253544,202
1709454740.276541,204
1709454740.293494,204
1709454740.317816,202
1709454740.381409,200
1709454740.400574,202
1709454740.459301,203
1709454740.479272,203
1709454740.508279,202
1709454740.534612,202
1709454740.579662,203
1709454740.606557,202
1709454740.645540,203
1709454740.667324,203
1709454740.687279,201
1709454740.706922,202
1709454740.777413,198
1709454740.801795,202
1709454740.823921,201
1709454740.846070,202
1709454740.865681,201
1709454740.895720,201
1709454740.955183,200
1709454740.980465,201
1709454741.003928,199
1709454741.029067,201
1709454741.047392,203
1709454741.106134,200
1709454741.160033,198
1709454741.183944,200
1709454741.206068,201
1709454741.223510,201
1709454741.243098,201
1709454741.308665,203
1709454741.326015,203
1709454741.354461,200
1709454741.388914,202
1709454741.440373,197
1709454741.466011,200
1709454741.506306,202
1709454741.550100,200
1709454741.592671,199
1709454741.615344,202
1709454741.636524,202
1709454741.658923,201
1709454741.719490,202
1709454741.756220,202
1709454741.814585,201
1709454741.836083,200
1709454741.872919,203
1709454741.899531,201
1709454741.963678,201
1709454741.993014,204
1709454742.012956,202
1709454742.083250,197
1709454742.103390,204
1709454742.137448,203
1709454742.159179,203
1709454742.210196,199
1709454742.260245,200
1709454742.283745,204
1709454742.336303,203
1709454742.355895,204
1709454742.385991,203
1709454742.439453,204
1709454742.465461,204
1709454742.485436,203
1709454742.505931,203
1709454742.579432,199
1709454742.600271,205
1709454742.623757,204
1709454742.643178,203
1709454742.709608,204
1709454742.729730,203
1709454742.778382,201
1709454742.805782,204
1709454742.843401,204
1709454742.863623,203
1709454742.936986,203
1709454742.961646,201
1709454743.020898,206
1709454743.040122,205
1709454743.072671,204
1709454743.102825,204
1709454743.124178,206
1709454743.182016,202
1709454743.211183,204
1709454743.267497,205
1709454743.330469,202
1709454743.354527,205
1709454743.402154,203
1709454743.429989,205
1709454743.451115,205
1709454743.479557,206
1709454743.508183,203
1709454743.566227,201
1709454743.594400,203
1709454743.633641,201
1709454743.653004,205
1709454743.676535,203
1709454743.727837,200
1709454743.752910,203
1709454743.818761,198
1709454743.841284,204
1709454743.884496,202
1709454743.905976,204
1709454743.966111,205
1709454744.012151,202
1709454744.037660,204
1709454744.059674,205
1709454744.111935,202
1709454744.148708,204
1709454744.173782,199
1709454744.208183,204
1709454744.231519,204
1709454744.249789,205
1709454744.293223,203
1709454744.314157,204
1709454744.353240,205
1709454744.388873,203
1709454744.413259,205
1709454744.436536,203
1709454744.508753,205
1709454744.543641,204
1709454744.564995,204
1709454744.585096,203
1709454744.608268,204
1709454744.657320,202
1709454744.696000,205
1709454744.713883,205
1709454744.770585,202
1709454744.794275,204
1709454744.822324,205
1709454744.841279,206
1709454744.888527,201
1709454744.909117,205
1709454744.951733,203
1709454744.975971,205
1709454744.995830,204
1709454745.016517,206
1709454745.038121,204
1709454745.070844,204
1709454745.116572,197
1709454745.158887,203
1709454745.201621,205
1709454745.224542,204
1709454745.247746,202
1709454745.273774,205
1709454745.296205,204
1709454745.313363,204
1709454745.329906,204
1709454745.364341,203
1709454745.391383,204
1709454745.447983,206
1709454745.467615,204
1709454745.490312,204
1709454745.509697,205
1709454745.529466,206
1709454745.570270,203
1709454745.591951,204
1709454745.642828,201
1709454745.696744,205
1709454745.717819,204
1709454745.739824,207
1709454745.786511,206
1709454745.817727,207
1709454745.837483,207
1709454745.895109,206
1709454745.915209,207
1709454745.934509,208
1709454745.956761,207
1709454745.994833,204
1709454746.014451,207
1709454746.061740,207
1709454746.087021,208
1709454746.109239,207
1709454746.134395,205
1709454746.154538,208
1709454746.171884,208
1709454746.227097,204
1709454746.249714,209
1709454746.302072,208
1709454746.320790,207
1709454746.347453,208
1709454746.381027,209
1709454746.409432,209
1709454746.433745,208
1709454746.492800,207
1709454746.511992,209
1709454746.533057,206
1709454746.554576,208
1709454746.593538,208
1709454746.629207,206
1709454746.648270,207
1709454746.669370,208
1709454746.688969,208
1709454746.750345,206
1709454746.773638,209
1709454746.799606,208
1709454746.850529,208
1709454746.872625,208
1709454746.906741,207
1709454746.923653,208
1709454746.991631,208
1709454747.011547,208
1709454747.067534,202
1709454747.086788,207
1709454747.113272,207
1709454747.170546,207
1709454747.225601,203
1709454747.245162,206
1709454747.273280,205
1709454747.299689,207
1709454747.367848,200
1709454747.419796,204
1709454747.441684,207
1709454747.466549,206
1709454747.505578,208
1709454747.543206,204
1709454747.566474,206
1709454747.583709,206
1709454747.603219,208
1709454747.626143,205
1709454747.648467,208
1709454747.715045,204
1709454747.735555,208
1709454747.754395,207
1709454747.774921,207
1709454747.797835,207
1709454747.855006,205
1709454747.881364,208
1709454747.904869,207
1709454747.957158,208
1709454748.013357,208
1709454748.041540,208
1709454748.065325,208
1709454748.110988,206
1709454748.166146,206
1709454748.190828,206
1709454748.220403,207
1709454748.268738,205
1709454748.294914,207
1709454748.337837,208
1709454748.377387,207
1709454748.422486,202
1709454748.450670,207
1709454748.485794,207
1709454748.536419,205
1709454748.561502,208
1709454748.591903,206
1709454748.641717,209
1709454748.659127,209
1709454748.678801,209
1709454748.706346,208
1709454748.750180,208
1709454748.818186,206
1709454748.873992,207
1709454748.890604,209
1709454748.920115,207
1709454748.941813,208
1709454748.978607,207
1709454749.006917,209
1709454749.033623,207
1709454749.083307,204
1709454749.105664,209
1709454749.128368,208
1709454749.154681,208
1709454749.192694,209
1709454749.243621,207
1709454749.294543,206
1709454749.340052,208
1709454749.383105,208
1709454749.424016,207
1709454749.446742,208
1709454749.512349,207
1709454749.535593,208
1709454749.554056,209
1709454749.620741,207
1709454749.673503,208
1709454749.700603,206
1709454749.748363,203
1709454749.768713,208
1709454749.793074,207
1709454749.853100,209
1709454749.892012,208
1709454749.923013,207
1709454749.954030,209
1709454750.005098,205
1709454750.026399,207
1709454750.044373,209
1709454750.087914,209
1709454750.109530,207
1709454750.129505,207
1709454750.147076,209
1709454750.167490,206
1709454750.189876,206
1709454750.213578,207
1709454750.275361,205
1709454750.300203,206
1709454750.322454,208
1709454750.341385,207
1709454750.361120,207
1709454750.437665,205
1709454750.483151,202
1709454750.522096,207
1709454750.553385,208
1709454750.596071,204
1709454750.631855,207
1709454750.663663,208
1709454750.695073,207
1709454750.750060,206
1709454750.770042,209
1709454750.799165,206
1709454750.822293,207
1709454750.860578,208
1709454750.904434,207
1709454750.935090,208
1709454750.954747,207
1709454751.002729,209
1709454751.023358,208
1709454751.046382,208
1709454751.069320,207
1709454751.091691,209
1709454751.115983,209
1709454751.136881,209
1709454751.197962,208
1709454751.216897,209
1709454751.253941,207
1709454751.288342,209
1709454751.305372,209
1709454751.325893,209
1709454751.368164,208
1709454751.385240,210
1709454751.435837,207
1709454751.485828,206
1709454751.516921,210
1709454751.532882,209
1709454751.594105,207
1709454751.631034,208
1709454751.663815,210
1709454751.683931,209
1709454751.729591,209
1709454751.751322,209
1709454751.787405,207
1709454751.809762,209
1709454751.831883,209
1709454751.849793,208
1709454751.874007,210
1709454751.891004,210
1709454751.936386,209
1709454751.956365,209
1709454752.006254,209
1709454752.024553,209
1709454752.045935,208
1709454752.064517,209
1709454752.087417,209
1709454752.115498,209
1709454752.139716,208
1709454752.181839,204
1709454752.201628,209
1709454752.219332,209
1709454752.238634,210
1709454752.276060,208
1709454752.300190,209
1709454752.320846,208
1709454752.347573,208
1709454752.373307,209
1709454752.398106,207
1709454752.418572,206
1709454752.472540,209
1709454752.500201,209
1709454752.568658,208
1709454752.596705,209
1709454752.661000,209
1709454752.682023,210
1709454752.733402,209
1709454752.755986,211
1709454752.784411,211
1709454752.850143,206
1709454752.868274,211
1709454752.940161,208
1709454752.962052,210
1709454753.002409,210
1709454753.021136,211
1709454753.047905,209
1709454753.127651,211
1709454753.153657,211
1709454753.171680,212
1709454753.198481,212
1709454753.220630,211
1709454753.238697,212
1709454753.286618,212
1709454753.310632,213
1709454753.332201,212
1709454753.356539,212
1709454753.420368,210
1709454753.446567,212
1709454753.476491,211
1709454753.527018,208
1709454753.561778,212
1709454753.582147,210
1709454753.638698,205
1709454753.667000,211
1709454753.690595,212
1709454753.709486,211
1709454753.770745,211
1709454753.792825,210
1709454753.834827,208
1709454753.863268,212
1709454753.917006,211
1709454753.936964,212
1709454753.987030,208
1709454754.027950,209
1709454754.054935,211
1709454754.074050,213
1709454754.134143,208
1709454754.163111,210
1709454754.191500,211
1709454754.253148,209
1709454754.294401,212
1709454754.355069,211
1709454754.375864,212
1709454754.394846,213
1709454754.414991,213
1709454754.432515,213
1709454754.476308,210
1709454754.494694,213
1709454754.525124,212
1709454754.542742,213
1709454754.569562,214
1709454754.603451,213
1709454754.630574,212
1709454754.681496,214
1709454754.731160,211
1709454754.752464,213
1709454754.771414,213
1709454754.791241,213
1709454754.812105,212
1709454754.848763,209
1709454754.871486,211
1709454754.915550,207
1709454754.934252,210
1709454754.956240,210
1709454754.975071,212
1709454755.018730,213
1709454755.046468,212
1709454755.067143,213
1709454755.125531,212
1709454755.153791,212
1709454755.181581,214
1709454755.245863,210
1709454755.274951,212
1709454755.296660,214
1709454755.332270,213
1709454755.355101,213
1709454755.384877,213
1709454755.424061,210
1709454755.444997,213
1709454755.478038,213
1709454755.499331,214
1709454755.522574,214
1709454755.543279,213
1709454755.562503,212
1709454755.583471,214
1709454755.607935,213
1709454755.654994,212
1709454755.675189,212
1709454755.718267,213
1709454755.745589,213
1709454755.775094,209
1709454755.832178,209
1709454755.854395,211
1709454755.872146,212
1709454755.891284,211
1709454755.934311,210
1709454755.993075,209
1709454756.016894,211
1709454756.046664,212
1709454756.124801,208
1709454756.149291,210
1709454756.169223,213
1709454756.200230,214
1709454756.241789,213
1709454756.272354,213
1709454756.311909,213
1709454756.350357,212
1709454756.372176,213
1709454756.412085,210
1709454756.434199,213
1709454756.471556,213
1709454756.518687,209
1709454756.538459,214
1709454756.555416,214
1709454756.574264,213
1709454756.598194,213
1709454756.627482,214
1709454756.650607,212
1709454756.692364,212
1709454756.721610,211
1709454756.740056,212
1709454756.764027,212
1709454756.814378,207
1709454756.839115,213
1709454756.857279,212
1709454756.888535,212
1709454756.949518,214
1709454756.972331,213
1709454757.039174,209
1709454757.059159,213
1709454757.091353,214
1709454757.148208,210
1709454757.170257,213
1709454757.208791,211
1709454757.235035,212
1709454757.263653,212
1709454757.288853,213
1709454757.376104,209
1709454757.394771,213
1709454757.445982,208
1709454757.498924,211
1709454757.545395,213
1709454757.565890,214
1709454757.589531,213
1709454757.608003,213
1709454757.637535,214
1709454757.699790,211
1709454757.723574,214
1709454757.765939,213
1709454757.786906,214
1709454757.813726,215
1709454757.833265,213
1709454757.860655,212
1709454757.879162,212
1709454757.901626,213
1709454757.929725,213
1709454757.988415,210
1709454758.007050,212
1709454758.075651,210
1709454758.093770,214
1709454758.114694,213
1709454758.140347,213
1709454758.173589,214
1709454758.206379,209
1709454758.226816,213
1709454758.256751,213
1709454758.286355,214
1709454758.321876,214
1709454758.388999,213
1709454758.446081,210
1709454758.472911,214
1709454758.502187,213
1709454758.549960,213
1709454758.574145,213
1709454758.612128,213
1709454758.636205,214
1709454758.666293,213
1709454758.691736,213
1709454758.735669,211
1709454758.756975,213
1709454758.795419,214
1709454758.842866,211
1709454758.861778,214
1709454758.919517,214
1709454758.936553,213
1709454758.970490,214
1709454758.997584,213
1709454759.018517,214
1709454759.036582,214
1709454759.087649,213
1709454759.142494,213
1709454759.195749,212
1709454759.221019,213
1709454759.253215,212
1709454759.288761,213
1709454759.318155,214
1709454759.364317,213
1709454759.388142,213
1709454759.414564,215
1709454759.465673,213
1709454759.493074,213
1709454759.520742,215
1709454759.564573,212
1709454759.588022,213
1709454759.646270,210
1709454759.679898,213
1709454759.698864,214
1709454759.717148,215
1709454759.762303,214
1709454759.780562,212
1709454759.828977,212
1709454759.861006,214
1709454759.884084,215
1709454759.941873,215
1709454759.999147,214
1709454760.028565,216
1709454760.048526,214
1709454760.068077,214
1709454760.087939,213
1709454760.151082,213
1709454760.169613,214
1709454760.190628,214
1709454760.236283,210
1709454760.266752,215
1709454760.290489,215
1709454760.327633,213
1709454760.345302,215
1709454760.374899,215
1709454760.396328,215
1709454760.430559,215
1709454760.479814,215
1709454760.502512,215
1709454760.574581,211
1709454760.592836,215
1709454760.624886,215
1709454760.688902,213
1709454760.760730,215
1709454760.778507,214
