1709974057.296464,0
1709974057.333052,2
1709974057.357434,9
1709974057.393901,13
1709974057.428446,23
1709974057.464466,30
1709974057.490745,40
1709974057.518182,51
1709974057.541179,59
1709974057.562321,66
1709974057.585736,70
1709974057.605537,74
1709974057.626795,80
1709974057.647841,86
1709974057.673686,95
1709974057.697811,107
1709974057.719219,111
1709974057.738111,120
1709974057.760479,127
1709974057.786108,138
1709974057.805439,145
1709974057.824228,156
1709974057.854496,162
1709974057.891002,172
1709974057.919367,183
1709974057.959145,195
1709974057.981299,200
1709974058.003183,208
1709974058.026480,217
1709974058.060659,224
1709974058.078915,232
1709974058.108746,245
1709974058.132746,252
1709974058.153913,259
1709974058.173427,264
1709974058.197093,271
1709974058.215145,276
1709974058.237207,282
1709974058.263089,292
1709974058.283449,297
1709974058.303093,300
1709974058.321243,300
1709974058.341930,300
1709974058.364336,300
1709974058.382801,300
1709974058.404515,300
1709974058.423550,299
1709974058.442775,300
1709974058.464086,300
1709974058.484972,299
1709974058.545638,300
1709974058.566461,299
1709974058.587372,300
1709974058.608444,300
1709974058.632746,299
1709974058.656252,299
1709974058.679078,300
1709974058.708639,299
1709974058.734387,300
1709974058.757518,299
1709974058.787691,299
1709974058.810865,300
1709974058.832603,299
1709974058.852253,300
1709974058.876091,299
1709974058.896935,299
1709974058.927215,299
1709974058.945882,298
1709974058.966517,298
1709974058.989244,299
1709974059.017130,298
1709974059.040084,300
1709974059.062297,300
1709974059.081447,300
1709974059.115081,299
1709974059.136391,300
1709974059.156436,299
1709974059.188627,300
1709974059.207633,299
1709974059.228780,300
1709974059.254751,296
1709974059.279938,297
1709974059.298835,298
1709974059.322400,300
1709974059.340189,299
1709974059.362144,297
1709974059.384224,299
1709974059.407027,298
1709974059.428210,297
1709974059.450456,298
1709974059.471203,299
1709974059.492930,299
1709974059.509766,298
1709974059.528920,299
1709974059.547824,299
1709974059.567081,297
1709974059.587413,297
1709974059.605104,297
1709974059.631122,295
1709974059.654035,294
1709974059.674877,294
1709974059.701055,294
1709974059.723855,293
1709974059.747224,294
1709974059.765353,293
1709974059.793320,293
1709974059.816785,293
1709974059.842464,293
1709974059.861976,298
1709974059.891344,299
1709974059.915377,300
1709974059.935325,298
1709974059.954169,300
1709974059.977019,299
1709974059.995304,299
1709974060.013714,298
1709974060.037711,299
1709974060.058467,300
1709974060.079604,300
1709974060.100203,298
1709974060.120054,300
1709974060.140671,298
1709974060.164770,296
1709974060.191810,289
1709974060.215430,285
1709974060.234439,280
1709974060.253355,275
1709974060.273889,268
1709974060.296045,266
1709974060.317982,265
1709974060.338953,262
1709974060.366529,256
1709974060.404985,250
1709974060.424949,244
1709974060.446503,241
1709974060.476241,234
1709974060.509514,238
1709974060.532314,241
1709974060.555994,244
1709974060.576026,245
1709974060.596342,251
1709974060.615069,253
1709974060.639109,253
1709974060.660910,256
1709974060.683453,262
1709974060.706845,266
1709974060.728988,269
1709974060.759712,274
1709974060.785228,278
1709974060.803477,281
1709974060.823291,280
1709974060.843897,286
1709974060.862145,285
1709974060.884544,285
1709974060.910837,280
1709974060.932150,279
1709974060.957682,278
1709974060.978564,279
1709974060.999008,275
1709974061.021269,279
1709974061.041274,278
1709974061.068414,279
1709974061.087790,279
1709974061.124424,284
1709974061.142653,286
1709974061.172189,291
1709974061.192506,292
1709974061.214755,291
1709974061.238681,298
1709974061.264944,299
1709974061.293001,299
1709974061.314444,299
1709974061.339930,300
1709974061.369313,299
1709974061.390511,300
1709974061.420161,299
1709974061.439092,296
1709974061.462406,294
1709974061.481641,289
1709974061.500614,287
1709974061.525410,283
1709974061.543794,281
1709974061.566859,280
1709974061.591952,278
1709974061.611397,279
1709974061.631977,278
1709974061.661698,272
1709974061.690208,271
1709974061.709148,269
1709974061.728000,265
1709974061.746994,263
1709974061.773393,261
1709974061.794057,258
1709974061.813857,256
1709974061.834856,255
1709974061.862310,254
1709974061.882498,254
1709974061.905631,254
1709974061.932295,250
1709974061.957908,249
1709974061.982147,247
1709974062.000788,245
1709974062.024614,244
1709974062.052480,245
1709974062.072241,244
1709974062.091175,243
1709974062.116934,241
1709974062.138835,241
1709974062.159638,238
1709974062.188269,239
1709974062.207804,241
1709974062.229348,240
1709974062.247281,239
1709974062.269179,237
1709974062.297377,235
1709974062.315708,228
1709974062.337343,224
1709974062.360409,221
1709974062.383477,217
1709974062.403573,215
1709974062.426208,208
1709974062.446832,207
1709974062.468671,201
1709974062.491118,200
1709974062.510404,198
1709974062.536881,195
1709974062.559266,193
1709974062.581778,193
1709974062.604592,193
1709974062.631734,194
1709974062.653488,194
1709974062.674877,192
1709974062.701361,195
1709974062.727009,191
1709974062.747659,190
1709974062.767655,187
1709974062.791031,185
1709974062.809441,185
1709974062.831127,183
1709974062.848184,181
1709974062.874049,179
1709974062.898815,177
1709974062.932565,173
1709974062.955485,171
1709974062.985382,167
1709974063.014684,161
1709974063.043885,154
1709974063.078141,151
1709974063.100493,151
1709974063.122106,150
1709974063.141882,151
1709974063.163795,148
1709974063.192672,147
1709974063.215068,151
1709974063.234405,150
1709974063.252392,150
1709974063.272140,149
1709974063.290163,149
1709974063.359233,151
1709974063.385110,148
1709974063.408944,148
1709974063.443500,151
1709974063.464590,149
1709974063.488003,150
1709974063.510995,150
1709974063.530015,150
1709974063.548661,150
1709974063.575002,150
1709974063.593271,150
1709974063.612334,151
1709974063.631295,151
1709974063.652439,152
1709974063.671897,150
1709974063.694577,150
1709974063.719166,150
1709974063.740032,150
1709974063.763137,149
1709974063.781596,150
1709974063.800734,150
1709974063.820695,151
1709974063.839831,149
1709974063.857363,150
1709974063.887357,149
1709974063.908920,150
1709974063.932273,151
1709974063.951811,149
1709974063.970730,149
1709974063.994473,151
1709974064.013463,153
1709974064.038349,152
1709974064.062861,151
1709974064.081195,151
1709974064.100204,151
1709974064.124032,152
1709974064.141711,153
1709974064.163594,152
1709974064.183927,152
1709974064.205260,153
1709974064.229984,154
1709974064.255071,152
1709974064.274355,152
1709974064.294893,152
1709974064.315364,153
1709974064.334663,153
1709974064.359992,151
1709974064.382319,152
1709974064.409937,153
1709974064.433589,153
1709974064.457942,151
1709974064.476903,151
1709974064.497239,151
1709974064.517296,153
1709974064.536032,152
1709974064.555678,152
1709974064.580050,151
1709974064.600511,150
1709974064.620737,151
1709974064.640229,153
1709974064.662079,151
1709974064.681119,150
1709974064.710910,151
1709974064.731558,151
1709974064.756618,151
1709974064.775997,151
1709974064.799953,151
1709974064.823095,152
1709974064.843947,153
1709974064.863704,151
1709974064.884076,151
1709974064.905487,151
1709974064.931392,153
1709974064.959162,150
1709974064.982821,151
1709974065.009768,152
1709974065.029842,152
1709974065.048486,152
1709974065.066596,152
1709974065.096841,151
1709974065.116406,151
1709974065.141196,153
1709974065.168240,150
1709974065.187018,151
1709974065.207327,152
1709974065.228152,153
1709974065.248019,152
1709974065.268449,151
1709974065.288493,151
1709974065.309256,151
1709974065.340925,152
1709974065.359392,153
1709974065.380672,152
1709974065.399824,152
1709974065.419533,152
1709974065.454654,151
1709974065.483458,153
1709974065.515130,152
1709974065.550218,153
1709974065.570437,153
1709974065.590795,154
1709974065.608968,153
1709974065.632340,153
1709974065.652046,153
1709974065.673089,153
1709974065.697417,152
1709974065.715370,152
1709974065.737139,153
1709974065.754585,153
1709974065.773624,152
1709974065.797086,153
1709974065.824700,152
1709974065.848816,153
1709974065.877815,154
1709974065.904171,152
1709974065.925291,151
1709974065.945068,154
1709974065.969508,153
1709974065.991446,154
1709974066.014509,152
1709974066.036296,153
1709974066.059663,154
1709974066.083055,153
1709974066.110580,151
1709974066.132052,151
1709974066.150142,153
1709974066.170927,154
1709974066.191291,152
1709974066.218755,152
1709974066.242601,153
1709974066.265092,153
1709974066.286360,154
1709974066.311978,152
1709974066.334559,152
1709974066.358660,153
1709974066.379381,153
1709974066.398254,153
1709974066.418807,152
1709974066.440226,153
1709974066.504804,153
1709974066.525745,153
1709974066.547832,154
1709974066.566420,153
1709974066.585009,154
1709974066.613516,152
1709974066.636270,152
1709974066.654776,156
1709974066.674025,157
1709974066.702030,156
1709974066.722855,155
1709974066.771380,157
1709974066.877492,154
1709974066.899078,157
1709974066.919725,158
1709974066.938660,159
1709974066.961255,158
1709974066.981222,157
1709974067.003215,158
1709974067.037834,157
1709974067.063213,157
1709974067.089451,157
1709974067.118529,157
1709974067.138901,158
1709974067.162567,158
1709974067.188169,157
1709974067.211679,156
1709974067.236989,156
1709974067.255724,156
1709974067.304397,152
1709974067.339663,155
1709974067.385773,153
1709974067.404566,156
1709974067.434423,157
1709974067.478376,153
1709974067.498166,156
1709974067.521414,157
1709974067.540938,157
1709974067.559633,157
1709974067.585536,157
1709974067.604016,157
1709974067.628420,157
1709974067.650664,156
1709974067.677913,156
1709974067.703023,157
1709974067.728130,157
1709974067.748292,157
1709974067.778232,156
1709974067.799398,157
1709974067.825584,156
1709974067.870501,157
1709974067.902448,153
1709974067.927366,157
1709974067.947387,158
1709974067.966002,157
1709974067.993719,156
1709974068.016377,158
1709974068.040198,158
1709974068.062722,158
1709974068.083876,157
1709974068.101466,157
1709974068.123630,157
1709974068.147504,157
1709974068.173692,157
1709974068.191448,157
1709974068.209093,158
1709974068.233422,157
1709974068.258911,157
1709974068.278109,158
1709974068.301138,158
1709974068.322565,157
1709974068.401516,153
1709974068.436421,161
1709974068.457278,160
1709974068.479382,159
1709974068.500210,160
1709974068.520157,160
1709974068.540398,161
1709974068.561281,160
1709974068.581691,161
1709974068.608356,162
1709974068.630883,163
1709974068.651334,163
1709974068.670110,163
1709974068.695748,161
1709974068.726576,164
1709974068.755457,164
1709974068.793380,160
1709974068.817863,164
1709974068.835601,163
1709974068.886668,165
1709974068.917333,161
1709974068.937578,158
1709974068.964313,165
1709974069.010505,162
1709974069.048580,161
1709974069.074238,165
1709974069.092959,164
1709974069.115465,164
1709974069.145233,166
1709974069.165943,164
1709974069.187538,162
1709974069.206580,162
1709974069.231591,162
1709974069.257238,162
1709974069.276933,162
1709974069.298363,162
1709974069.319555,162
1709974069.339894,161
1709974069.363217,161
1709974069.382501,163
1709974069.404504,160
1709974069.430467,160
1709974069.464499,161
1709974069.490700,159
1709974069.562923,158
1709974069.616309,159
1709974069.637239,159
1709974069.656248,159
1709974069.676069,159
1709974069.699943,157
1709974069.721032,159
1709974069.741185,158
1709974069.761136,159
1709974069.785276,159
1709974069.804407,158
1709974069.823694,159
1709974069.844455,157
1709974069.867465,158
1709974069.887787,158
1709974069.911152,157
1709974069.938159,157
1709974069.967645,157
1709974069.996132,157
1709974070.071362,155
1709974070.094455,159
1709974070.116639,158
1709974070.169614,159
1709974070.213327,158
1709974070.234674,158
1709974070.256550,158
1709974070.276808,159
1709974070.297961,158
1709974070.320580,157
1709974070.347243,159
1709974070.366377,157
1709974070.389060,157
1709974070.409509,157
1709974070.430432,158
1709974070.459303,157
1709974070.477226,160
1709974070.500442,160
1709974070.520552,158
1709974070.552479,157
1709974070.576699,158
1709974070.595840,158
1709974070.621311,159
1709974070.641724,159
1709974070.665584,159
1709974070.686736,159
1709974070.716373,157
1709974070.738489,159
1709974070.760128,158
1709974070.783548,158
1709974070.814373,158
1709974070.840612,158
1709974070.858641,159
1709974070.883989,157
1709974070.904276,158
1709974070.928793,158
1709974070.953298,159
1709974070.975398,157
1709974071.001880,156
1709974071.020332,158
1709974071.039672,158
1709974071.063801,156
1709974071.087957,159
1709974071.109028,158
1709974071.130431,156
1709974071.155019,157
1709974071.188555,158
1709974071.211182,158
1709974071.229101,157
1709974071.251716,157
1709974071.273238,157
1709974071.302512,158
1709974071.320628,159
1709974071.345257,156
1709974071.372374,157
1709974071.406580,158
1709974071.424343,157
1709974071.456465,158
1709974071.474922,159
1709974071.495523,158
1709974071.515474,158
1709974071.539264,159
1709974071.558118,159
1709974071.586157,159
1709974071.608135,158
1709974071.626100,158
1709974071.647581,158
1709974071.680880,159
1709974071.700401,158
1709974071.724744,159
1709974071.751473,158
1709974071.780774,159
1709974071.799601,158
1709974071.820236,158
1709974071.856039,157
1709974071.874994,159
1709974071.894470,158
1709974071.926003,158
1709974071.955019,159
1709974071.973599,160
1709974071.995331,161
1709974072.015145,160
1709974072.037588,158
1709974072.059203,158
1709974072.080435,159
1709974072.099889,158
1709974072.119084,160
1709974072.139036,160
1709974072.164020,159
1709974072.196984,159
1709974072.215688,159
1709974072.236167,160
1709974072.254762,159
1709974072.275192,159
1709974072.293004,160
1709974072.313313,159
1709974072.336170,157
1709974072.354443,160
1709974072.375757,158
1709974072.392955,159
1709974072.417849,159
1709974072.439206,160
1709974072.464445,159
1709974072.496183,158
1709974072.520251,158
1709974072.538572,159
1709974072.556519,158
1709974072.573318,157
1709974072.598077,159
1709974072.618794,158
1709974072.638952,160
1709974072.668025,158
1709974072.686209,158
1709974072.705985,159
1709974072.727025,159
1709974072.752081,160
1709974072.775329,158
1709974072.795803,160
1709974072.817384,158
1709974072.840689,161
1709974072.867652,160
1709974072.892286,160
1709974072.915187,160
1709974072.938358,161
1709974072.958345,163
1709974072.976544,160
1709974072.996438,161
1709974073.024647,163
1709974073.069450,163
1709974073.088646,161
1709974073.109882,162
1709974073.128433,160
1709974073.150637,162
1709974073.173144,161
1709974073.195760,159
1709974073.215687,161
1709974073.240735,161
1709974073.262638,161
1709974073.284408,160
1709974073.308251,159
1709974073.331604,159
1709974073.352957,159
1709974073.372824,159
1709974073.390257,160
1709974073.411742,160
1709974073.435158,161
1709974073.453675,161
1709974073.473034,159
1709974073.495619,160
1709974073.523107,161
1709974073.544524,159
1709974073.572711,161
1709974073.591943,159
1709974073.610227,159
1709974073.628732,159
1709974073.651995,160
1709974073.680462,161
1709974073.703622,157
1709974073.724297,160
1709974073.750229,160
1709974073.777974,161
1709974073.800796,159
1709974073.833877,160
1709974073.855609,160
1709974073.875285,159
1709974073.897797,159
1709974073.924943,159
1709974073.945557,159
1709974073.974300,158
1709974074.002434,159
1709974074.021905,160
1709974074.047909,160
1709974074.069260,160
1709974074.090370,159
1709974074.110618,158
1709974074.138726,159
1709974074.159642,159
1709974074.179810,159
1709974074.198674,159
1709974074.217861,159
1709974074.244642,159
1709974074.264118,159
1709974074.284703,160
1709974074.301711,160
1709974074.327933,158
1709974074.347844,161
1709974074.375432,161
1709974074.399247,160
1709974074.416732,158
1709974074.437028,161
1709974074.455468,160
1709974074.477411,159
1709974074.497492,160
1709974074.521719,160
1709974074.540763,160
1709974074.569046,161
1709974074.591451,160
1709974074.611830,159
1709974074.635229,159
1709974074.657245,161
1709974074.676945,160
1709974074.695586,159
1709974074.714100,159
1709974074.739609,160
1709974074.757901,159
1709974074.779884,160
1709974074.798701,160
1709974074.820760,159
1709974074.843077,161
1709974074.872796,160
1709974074.892953,160
1709974074.912329,159
1709974074.934034,159
1709974074.959695,161
1709974074.977949,160
1709974074.998080,160
1709974075.022974,158
1709974075.042401,161
1709974075.068157,160
1709974075.103672,160
1709974075.124481,158
1709974075.152156,160
1709974075.170094,160
1709974075.199664,160
1709974075.220671,160
1709974075.244851,160
1709974075.271613,160
1709974075.293446,160
1709974075.312064,161
1709974075.334692,160
1709974075.353002,162
1709974075.381748,162
1709974075.404672,161
1709974075.430799,160
1709974075.451303,161
1709974075.470541,162
1709974075.490832,161
1709974075.510272,162
1709974075.531198,161
1709974075.550264,163
1709974075.572796,163
1709974075.594706,163
1709974075.617442,163
1709974075.638858,161
1709974075.659431,163
1709974075.681466,163
1709974075.702844,162
1709974075.725261,162
1709974075.747094,160
1709974075.767669,162
1709974075.789051,163
1709974075.813500,162
1709974075.832235,162
1709974075.860923,161
1709974075.880253,163
1709974075.904903,162
1709974075.923267,162
1709974075.942252,161
1709974075.959111,161
1709974075.981999,162
1709974075.999254,162
1709974076.018699,161
1709974076.047457,160
1709974076.065548,162
1709974076.094655,161
1709974076.112012,161
1709974076.133625,160
1709974076.159856,161
1709974076.181893,162
1709974076.210247,162
1709974076.232202,162
1709974076.252587,160
1709974076.271793,162
1709974076.293914,163
1709974076.313325,163
1709974076.338803,162
1709974076.358218,162
1709974076.381457,162
1709974076.399407,163
1709974076.423466,162
1709974076.445862,163
1709974076.467429,162
1709974076.499797,163
1709974076.519688,162
1709974076.541569,162
1709974076.561316,161
1709974076.579311,162
1709974076.613040,162
1709974076.632931,161
1709974076.654161,161
1709974076.685732,163
1709974076.730072,163
1709974076.751567,161
1709974076.770611,164
1709974076.788509,163
1709974076.809118,164
1709974076.832851,164
1709974076.859346,165
1709974076.897751,164
1709974076.957196,161
1709974076.978086,168
1709974076.996778,166
1709974077.043752,165
1709974077.072306,166
1709974077.094470,168
1709974077.111399,167
1709974077.137250,166
1709974077.157007,166
1709974077.180095,168
1709974077.205796,168
1709974077.227137,166
1709974077.246747,166
1709974077.265577,167
1709974077.289491,168
1709974077.314117,167
1709974077.333449,164
1709974077.351274,166
1709974077.374530,166
1709974077.414332,166
1709974077.437935,165
1709974077.495301,162
1709974077.520729,162
1709974077.539630,165
1709974077.561458,165
1709974077.581116,164
1709974077.599564,165
1709974077.627000,165
1709974077.644955,165
1709974077.668964,166
1709974077.693055,166
1709974077.712496,165
1709974077.732891,166
1709974077.751776,165
1709974077.773560,165
1709974077.794076,166
1709974077.824658,166
1709974077.846694,165
1709974077.872181,166
1709974077.894482,167
1709974077.912301,167
1709974077.936289,170
1709974077.959028,170
1709974077.992472,170
1709974078.047683,170
1709974078.104957,170
1709974078.129791,174
1709974078.155093,173
1709974078.175429,171
1709974078.198674,173
1709974078.225050,172
1709974078.248043,171
1709974078.268665,171
1709974078.297802,173
1709974078.316132,172
1709974078.336934,172
1709974078.355492,171
1709974078.377493,173
1709974078.396582,172
1709974078.416290,173
1709974078.436662,174
1709974078.465288,172
1709974078.486360,169
1709974078.511129,170
1709974078.540392,170
1709974078.569511,167
1709974078.623048,171
1709974078.643112,169
1709974078.668664,168
1709974078.697620,169
1709974078.724895,170
1709974078.750887,169
1709974078.769320,170
1709974078.788777,170
1709974078.807275,170
1709974078.832408,172
1709974078.857939,170
1709974078.885189,170
1709974078.906765,169
1709974078.931947,170
1709974078.961082,170
1709974078.984115,171
1709974079.002858,170
1709974079.034981,171
1709974079.061581,171
1709974079.084166,172
1709974079.113589,170
1709974079.155791,168
1709974079.183336,169
1709974079.254200,170
1709974079.275623,169
1709974079.297737,168
1709974079.326834,167
1709974079.352101,169
1709974079.371031,170
1709974079.389716,168
1709974079.408081,167
1709974079.431635,167
1709974079.455966,168
1709974079.475939,168
1709974079.494072,168
1709974079.513273,166
1709974079.531382,165
1709974079.548703,167
1709974079.566539,168
1709974079.587822,166
1709974079.609405,165
1709974079.639560,166
1709974079.659672,166
1709974079.710914,167
1709974079.742418,165
1709974079.795013,167
1709974079.851354,169
1709974079.872956,167
1709974079.897199,168
1709974079.921736,168
1709974079.944009,169
1709974079.965777,170
1709974079.985125,168
1709974080.010652,169
1709974080.032864,168
1709974080.052383,170
1709974080.074362,170
1709974080.101011,169
1709974080.119752,169
1709974080.139786,168
1709974080.161324,170
1709974080.186815,169
1709974080.212294,167
1709974080.242481,168
1709974080.304834,170
1709974080.349434,165
1709974080.389292,169
1709974080.418101,168
1709974080.442761,169
1709974080.464192,170
1709974080.483697,169
1709974080.508444,168
1709974080.532470,167
1709974080.550917,167
1709974080.570508,168
1709974080.590820,168
1709974080.612282,167
1709974080.636495,167
1709974080.659479,168
1709974080.678120,168
1709974080.702069,167
1709974080.723203,167
1709974080.746768,168
1709974080.765347,168
1709974080.789535,169
1709974080.808025,169
1709974080.833906,168
1709974080.856957,167
1709974080.883537,167
1709974080.906996,167
1709974080.929667,166
1709974080.956952,167
1709974080.980944,167
1709974081.002254,168
1709974081.020236,168
1709974081.037250,168
1709974081.054522,169
1709974081.074600,166
1709974081.098607,169
1709974081.123567,169
1709974081.143340,169
1709974081.165404,169
1709974081.185650,168
1709974081.207053,168
1709974081.226892,168
1709974081.246396,169
1709974081.275237,168
1709974081.297922,169
1709974081.316742,168
1709974081.337824,168
1709974081.358093,170
1709974081.378590,168
1709974081.403214,169
1709974081.427729,169
1709974081.454401,168
1709974081.483291,167
1709974081.503316,169
1709974081.535386,167
1709974081.555700,167
1709974081.582826,168
1709974081.608457,168
1709974081.632689,167
1709974081.654110,168
1709974081.688244,167
1709974081.712194,168
1709974081.742100,169
1709974081.762804,168
1709974081.783969,168
1709974081.808108,167
1709974081.829447,169
1709974081.852145,169
1709974081.877614,169
1709974081.898039,168
1709974081.916116,167
1709974081.936623,168
1709974081.955077,169
1709974081.978883,168
1709974082.004411,169
1709974082.032740,170
1709974082.054250,169
1709974082.078040,170
1709974082.102493,170
1709974082.121003,170
1709974082.142590,171
1709974082.165472,170
1709974082.194407,171
1709974082.214578,168
1709974082.234725,169
1709974082.258094,169
1709974082.281573,170
1709974082.299900,171
1709974082.326257,169
1709974082.352454,170
1709974082.371777,170
1709974082.397917,170
1709974082.417315,170
1709974082.436896,170
1709974082.471359,171
1709974082.496637,170
1709974082.515510,171
1709974082.537156,171
1709974082.558962,169
1709974082.578564,169
1709974082.599111,169
1709974082.616679,170
1709974082.634324,170
1709974082.655589,169
1709974082.682232,169
1709974082.703010,169
1709974082.729316,170
1709974082.751037,170
1709974082.778985,168
1709974082.797621,168
1709974082.819014,168
1709974082.837193,169
1709974082.863788,168
1709974082.887448,169
1709974082.906870,168
1709974082.937252,169
1709974082.966374,168
1709974082.986137,168
1709974083.010109,169
1709974083.030866,170
1709974083.055646,170
1709974083.077482,169
1709974083.102363,170
1709974083.120098,169
1709974083.138492,170
1709974083.157530,170
1709974083.176284,167
1709974083.201099,170
1709974083.220528,168
1709974083.243168,167
1709974083.264236,169
1709974083.285697,169
1709974083.303913,169
1709974083.325215,169
1709974083.348956,169
1709974083.367964,169
1709974083.390284,169
1709974083.415454,171
1709974083.432448,169
1709974083.451377,169
1709974083.469929,169
1709974083.494490,171
1709974083.514340,169
1709974083.533291,169
1709974083.554148,171
1709974083.571704,170
1709974083.592758,169
1709974083.620264,170
1709974083.639892,170
1709974083.657499,170
1709974083.681245,169
1709974083.711528,169
1709974083.730966,170
1709974083.751609,170
1709974083.770583,171
1709974083.796705,171
1709974083.816188,169
1709974083.833786,170
1709974083.857012,169
1709974083.878046,170
1709974083.900207,169
1709974083.921892,171
1709974083.944290,170
1709974083.967200,171
1709974083.987148,171
1709974084.012697,170
1709974084.036876,171
1709974084.059075,172
1709974084.078156,174
1709974084.102144,172
1709974084.126121,172
1709974084.150490,172
1709974084.169852,172
1709974084.188915,173
1709974084.216584,171
1709974084.236740,171
1709974084.261384,170
1709974084.282334,172
1709974084.300485,171
1709974084.322993,171
1709974084.346405,170
1709974084.367263,172
1709974084.393500,171
1709974084.414250,171
1709974084.432621,171
1709974084.451280,172
1709974084.470725,173
1709974084.492602,171
1709974084.510625,173
1709974084.528879,172
1709974084.548661,172
1709974084.569103,172
1709974084.588882,170
1709974084.610869,169
1709974084.630607,169
1709974084.649532,169
1709974084.668713,170
1709974084.688800,170
1709974084.707296,170
1709974084.727430,170
1709974084.749670,169
1709974084.769372,170
1709974084.799295,171
1709974084.822490,169
1709974084.843589,170
1709974084.865290,170
1709974084.892243,169
1709974084.911250,169
1709974084.940392,168
1709974084.963654,170
1709974084.992057,172
1709974085.026736,170
1709974085.048221,171
1709974085.067579,171
1709974085.087401,172
1709974085.110421,171
1709974085.129160,171
1709974085.155658,170
1709974085.178423,171
1709974085.205026,172
1709974085.224923,171
1709974085.248585,172
1709974085.267934,171
1709974085.289295,172
1709974085.310362,171
1709974085.337638,171
1709974085.358057,171
1709974085.377517,172
1709974085.396827,172
1709974085.415598,172
1709974085.434334,171
1709974085.452335,171
1709974085.471114,172
1709974085.487370,171
1709974085.508036,172
1709974085.536011,172
1709974085.554463,171
1709974085.573440,171
1709974085.595850,172
1709974085.613306,172
1709974085.635750,171
1709974085.663643,171
1709974085.685165,173
1709974085.705168,172
1709974085.731535,172
1709974085.752013,173
1709974085.774121,172
1709974085.796574,173
1709974085.826644,170
1709974085.848894,172
1709974085.868789,171
1709974085.893074,172
1709974085.912114,172
1709974085.932149,171
1709974085.951757,172
1709974085.971203,171
1709974085.991046,171
1709974086.019617,171
1709974086.040652,172
1709974086.059464,173
1709974086.080955,173
1709974086.106955,172
1709974086.129057,172
1709974086.149959,171
1709974086.168423,172
1709974086.194518,171
1709974086.213600,172
1709974086.239535,172
1709974086.257718,171
1709974086.286052,171
1709974086.307489,171
1709974086.325376,172
1709974086.345908,171
1709974086.367237,172
1709974086.388518,172
1709974086.407546,171
1709974086.425282,172
1709974086.445981,171
1709974086.473291,171
1709974086.492253,172
1709974086.511621,172
1709974086.531418,173
1709974086.553056,171
1709974086.572014,171
1709974086.592581,172
1709974086.619692,171
1709974086.640044,172
1709974086.657380,171
1709974086.675873,173
1709974086.696837,171
1709974086.715758,173
1709974086.738119,173
1709974086.759448,171
1709974086.782850,171
1709974086.804174,173
1709974086.830708,172
1709974086.865187,172
1709974086.898748,172
1709974086.922907,173
1709974086.941334,171
1709974086.970175,171
1709974086.995673,172
1709974087.016768,173
1709974087.040494,174
1709974087.066146,175
1709974087.108113,175
1709974087.131980,177
1709974087.206200,175
1709974087.226116,176
1709974087.248724,175
1709974087.271276,177
1709974087.292090,176
1709974087.335742,172
1709974087.358805,175
1709974087.381006,176
1709974087.400224,176
1709974087.418523,176
1709974087.449959,178
1709974087.469508,176
1709974087.492891,176
1709974087.513618,176
1709974087.533193,175
1709974087.551371,176
1709974087.576907,176
1709974087.602361,177
1709974087.626181,177
1709974087.649001,176
1709974087.669600,177
1709974087.702597,176
1709974087.722125,175
1709974087.740508,174
1709974087.807135,172
1709974087.840143,175
1709974087.912775,169
1709974087.955088,175
1709974087.977737,179
1709974088.005647,178
1709974088.024046,178
1709974088.042364,177
1709974088.062567,178
1709974088.089437,179
1709974088.111348,182
1709974088.133929,184
1709974088.158009,183
1709974088.176487,183
1709974088.198165,184
1709974088.223694,182
1709974088.241740,181
1709974088.267939,183
1709974088.287222,184
1709974088.316332,181
1709974088.335019,182
1709974088.358181,181
1709974088.374686,183
1709974088.392868,183
1709974088.449073,181
1709974088.469895,183
1709974088.492960,183
1709974088.516465,182
1709974088.536546,182
1709974088.559237,181
1709974088.585595,182
1709974088.606075,182
1709974088.627552,182
1709974088.648598,180
1709974088.668368,179
1709974088.692042,179
1709974088.709291,179
1709974088.731832,178
1709974088.751046,178
1709974088.779255,178
1709974088.799148,178
1709974088.818413,178
1709974088.842471,177
1709974088.869981,179
1709974088.887844,180
1709974088.906412,180
1709974088.928868,177
1709974088.953887,178
1709974089.001839,173
1709974089.023059,178
1709974089.041005,177
1709974089.060346,178
1709974089.082543,179
1709974089.101227,179
1709974089.120110,179
1709974089.140921,178
1709974089.158871,179
1709974089.191427,180
1709974089.212938,181
1709974089.231538,178
1709974089.254542,177
1709974089.274496,179
1709974089.301207,179
1709974089.323706,177
1709974089.341828,178
1709974089.365282,177
1709974089.389724,180
1709974089.411028,178
1709974089.436074,177
1709974089.455631,176
1709974089.476730,178
1709974089.495014,177
1709974089.530470,175
1709974089.559595,175
1709974089.604235,178
1709974089.630313,174
1709974089.674605,175
1709974089.700798,178
1709974089.740721,178
1709974089.760695,177
1709974089.792897,177
1709974089.811623,177
1709974089.831026,176
1709974089.855148,176
1709974089.872762,174
1709974089.894890,176
1709974089.918393,175
1709974089.942975,177
1709974089.965151,175
1709974089.986975,178
1709974090.011222,176
1709974090.039345,175
1709974090.062904,175
1709974090.088281,175
1709974090.115813,177
1709974090.151054,177
1709974090.174991,176
1709974090.210132,173
1709974090.248915,175
1709974090.285223,177
1709974090.306244,179
1709974090.329868,179
1709974090.351860,179
1709974090.370349,178
1709974090.395521,178
1709974090.416617,178
1709974090.435953,179
1709974090.461149,179
1709974090.481348,177
1709974090.508635,177
1709974090.530641,180
1709974090.549741,179
1709974090.569366,178
1709974090.588217,178
1709974090.614035,178
1709974090.640004,178
1709974090.659313,179
1709974090.683397,177
