1709521116.780706,0
1709521116.810004,0
1709521116.846817,0
1709521116.945474,0
1709521116.975854,0
1709521117.012116,0
1709521117.036642,0
1709521117.068197,0
1709521117.121354,0
1709521117.171799,0
1709521117.200681,0
1709521117.240892,0
1709521117.324898,1
1709521117.356205,0
1709521117.390780,0
1709521117.471684,0
1709521117.502210,0
1709521117.529266,0
1709521117.593681,0
1709521117.619003,0
1709521117.647529,0
1709521117.676866,0
1709521117.709732,0
1709521117.812597,0
1709521117.865136,0
1709521117.914847,0
1709521117.950862,0
1709521117.973336,0
1709521118.000507,0
1709521118.036080,0
1709521118.073629,0
1709521118.098238,0
1709521118.124847,0
1709521118.162315,0
1709521118.234257,0
1709521118.262866,0
1709521118.325942,0
1709521118.392783,0
1709521118.422915,0
1709521118.447152,0
1709521118.533256,0
1709521118.581420,0
1709521118.614469,0
1709521118.639633,0
1709521118.687689,0
1709521118.729643,0
1709521118.756896,0
1709521118.779358,0
1709521118.865853,0
1709521118.893949,0
1709521118.942470,0
1709521119.004852,0
1709521119.040915,0
1709521119.092651,0
1709521119.123186,0
1709521119.147859,0
1709521119.202318,0
1709521119.261337,0
1709521119.285089,0
1709521119.312803,0
1709521119.340662,0
1709521119.409432,0
1709521119.481381,0
1709521119.525392,0
1709521119.567466,0
1709521119.605470,0
1709521119.728831,0
1709521119.786781,0
1709521119.821951,0
1709521119.881197,0
1709521119.937557,0
1709521119.979939,0
1709521120.005274,0
1709521120.028610,0
1709521120.098244,1
1709521120.122428,0
1709521120.170885,0
1709521120.219820,0
1709521120.260317,0
1709521120.294261,0
1709521120.381977,0
1709521120.411047,0
1709521120.448894,0
1709521120.482689,0
1709521120.516901,0
1709521120.608913,0
1709521120.634922,0
1709521120.691537,0
1709521120.733181,0
1709521120.757473,0
1709521120.794509,0
1709521120.860843,0
1709521120.908927,0
1709521120.957920,0
1709521121.039925,0
1709521121.079184,0
1709521121.109907,0
1709521121.141282,0
1709521121.177631,0
1709521121.217456,0
1709521121.277433,0
1709521121.328744,0
1709521121.352933,0
1709521121.389797,0
1709521121.425167,0
1709521121.451046,0
1709521121.473584,0
1709521121.497610,0
1709521121.525954,0
1709521121.547084,0
1709521121.582037,0
1709521121.651068,0
1709521121.697635,0
1709521121.749133,0
1709521121.786911,0
1709521121.841516,0
1709521121.927472,0
1709521121.949300,0
1709521121.981729,0
1709521122.046567,0
1709521122.106015,0
1709521122.145406,0
1709521122.168797,0
1709521122.186520,0
1709521122.204663,0
1709521122.236366,0
1709521122.271317,0
1709521122.295268,0
1709521122.342309,0
1709521122.374500,0
1709521122.406901,0
1709521122.428571,0
1709521122.448231,0
1709521122.501797,0
1709521122.532292,0
1709521122.552748,0
1709521122.590065,0
1709521122.613903,0
1709521122.635703,0
1709521122.658964,0
1709521122.727728,0
1709521122.757312,0
1709521122.807197,0
1709521122.834367,0
1709521122.878739,0
1709521122.932778,0
1709521122.959888,0
1709521122.985930,0
1709521123.054133,0
1709521123.128886,0
1709521123.158573,0
1709521123.183088,0
1709521123.202902,0
1709521123.233739,0
1709521123.258889,0
1709521123.280601,0
1709521123.335872,0
1709521123.359435,0
1709521123.421424,0
1709521123.445580,0
1709521123.474192,0
1709521123.498413,0
1709521123.520754,0
1709521123.552212,0
1709521123.606588,0
1709521123.631587,0
1709521123.698211,0
1709521123.722787,0
1709521123.774743,0
1709521123.818749,0
1709521123.865098,0
1709521123.930647,0
1709521123.951358,0
1709521124.042121,0
1709521124.076324,0
1709521124.097530,0
1709521124.115887,0
1709521124.137810,0
1709521124.161113,0
1709521124.218429,0
1709521124.240588,0
1709521124.271983,0
1709521124.305676,0
1709521124.362520,0
1709521124.393508,0
1709521124.416286,0
1709521124.462496,0
1709521124.495235,0
1709521124.554364,0
1709521124.587756,0
1709521124.607262,0
1709521124.642067,0
1709521124.709413,0
1709521124.732943,0
1709521124.752528,0
1709521124.795748,0
1709521124.816633,0
1709521124.835025,0
1709521124.853018,0
1709521124.890046,0
1709521124.920255,0
1709521124.996797,0
1709521125.026025,0
1709521125.110327,0
1709521125.134582,0
1709521125.159297,0
1709521125.179098,0
1709521125.201642,0
1709521125.255700,0
1709521125.295275,0
1709521125.346852,0
1709521125.369673,0
1709521125.393831,0
1709521125.420640,0
1709521125.444305,0
1709521125.466267,0
1709521125.525985,0
1709521125.555133,0
1709521125.578686,0
1709521125.605560,0
1709521125.659972,0
1709521125.686491,0
1709521125.706345,0
1709521125.736759,0
1709521125.766852,0
1709521125.835578,0
1709521125.909742,0
1709521125.934572,0
1709521125.967865,0
1709521125.998289,0
1709521126.019968,0
1709521126.067728,0
1709521126.109945,0
1709521126.137819,0
1709521126.191356,0
1709521126.239359,0
1709521126.266885,0
1709521126.329106,0
1709521126.353323,0
1709521126.380683,0
1709521126.408382,0
1709521126.474973,0
1709521126.496916,0
1709521126.524578,0
1709521126.544640,0
1709521126.567107,0
1709521126.592653,0
1709521126.653607,0
1709521126.677461,0
1709521126.745764,0
1709521126.775100,0
1709521126.808714,0
1709521126.828075,0
1709521126.890870,0
1709521126.914026,0
1709521126.961845,0
1709521126.991557,0
1709521127.020308,0
1709521127.047424,0
1709521127.077297,0
1709521127.145754,0
1709521127.177397,0
1709521127.221157,0
1709521127.250729,0
1709521127.287262,0
1709521127.321403,0
1709521127.342676,0
1709521127.407824,0
1709521127.428965,0
1709521127.448826,0
1709521127.509415,0
1709521127.538936,0
1709521127.586233,0
1709521127.618019,0
1709521127.639370,0
1709521127.676358,0
1709521127.717796,0
1709521127.742910,0
1709521127.798048,0
1709521127.830428,0
1709521127.886000,0
1709521127.923577,0
1709521127.985754,0
1709521128.014847,0
1709521128.069345,0
1709521128.094812,0
1709521128.118430,0
1709521128.192853,0
1709521128.217080,0
1709521128.235371,0
1709521128.263860,0
1709521128.292208,0
1709521128.331163,0
1709521128.352559,0
1709521128.380905,0
1709521128.418247,0
1709521128.453942,0
1709521128.477700,0
1709521128.502905,0
1709521128.546369,0
1709521128.587345,0
1709521128.629663,0
1709521128.661084,0
1709521128.693698,0
1709521128.730228,0
1709521128.776273,0
1709521128.811362,0
1709521128.831544,0
1709521128.863747,0
1709521128.885750,0
1709521128.928823,0
1709521128.959416,0
1709521129.004221,0
1709521129.025537,0
1709521129.067276,0
1709521129.086437,0
1709521129.110472,0
1709521129.152468,0
1709521129.227186,0
1709521129.249684,0
1709521129.269617,0
1709521129.296040,0
1709521129.319778,0
1709521129.342548,0
1709521129.366086,0
1709521129.387201,0
1709521129.449514,0
1709521129.482699,0
1709521129.547483,0
1709521129.569908,0
1709521129.589298,0
1709521129.613951,0
1709521129.676406,0
1709521129.699833,0
1709521129.727351,0
1709521129.748180,0
1709521129.788788,0
1709521129.817166,0
1709521129.839497,0
1709521129.859599,0
1709521129.887893,0
1709521129.909957,0
1709521129.959591,0
1709521129.981453,0
1709521130.011984,0
1709521130.065639,0
1709521130.086447,0
1709521130.117246,0
1709521130.142530,0
1709521130.163906,0
1709521130.238982,0
1709521130.268632,0
1709521130.297662,0
1709521130.327490,0
1709521130.349844,0
1709521130.370489,0
1709521130.444204,0
1709521130.463912,0
1709521130.524879,0
1709521130.552161,0
1709521130.573015,0
1709521130.612764,0
1709521130.676587,0
1709521130.698443,0
1709521130.747721,0
1709521130.778358,0
1709521130.801076,0
1709521130.822481,0
1709521130.875174,0
1709521130.943754,0
1709521130.965968,0
1709521130.994241,0
1709521131.031243,0
1709521131.083369,0
1709521131.113748,0
1709521131.183492,0
1709521131.208859,0
1709521131.239605,0
1709521131.270552,0
1709521131.295103,0
1709521131.327478,0
1709521131.359720,0
1709521131.416745,0
1709521131.440032,0
1709521131.464918,0
1709521131.482825,0
1709521131.528297,0
1709521131.553917,0
1709521131.575025,0
1709521131.604134,0
1709521131.654969,0
1709521131.676446,0
1709521131.709503,0
1709521131.747894,0
1709521131.767483,0
1709521131.792077,0
1709521131.858776,0
1709521131.908821,0
1709521131.934072,0
1709521131.960069,0
1709521131.987272,0
1709521132.026818,0
1709521132.048140,0
1709521132.066659,0
1709521132.117707,0
1709521132.135509,0
1709521132.186367,0
1709521132.224182,0
1709521132.250434,1
1709521132.277537,0
1709521132.344487,0
1709521132.368590,0
1709521132.390153,0
1709521132.420818,0
1709521132.460706,0
1709521132.504554,0
1709521132.528035,0
1709521132.551045,0
1709521132.573907,0
1709521132.630539,0
1709521132.660164,0
1709521132.728243,0
1709521132.749183,0
1709521132.768985,0
1709521132.826889,0
1709521132.853469,0
1709521132.895013,0
1709521132.923571,0
1709521132.964186,0
1709521132.984843,0
1709521133.010275,0
1709521133.034727,0
1709521133.093549,0
1709521133.114736,0
1709521133.133453,0
1709521133.170939,0
1709521133.197784,0
1709521133.224591,0
1709521133.283262,0
1709521133.331536,0
1709521133.352643,0
1709521133.377755,0
1709521133.416685,0
1709521133.435268,0
1709521133.460847,0
1709521133.530792,0
1709521133.554642,0
1709521133.626310,0
1709521133.652524,0
1709521133.686713,0
1709521133.735131,0
1709521133.801619,0
1709521133.831400,0
1709521133.857901,0
1709521133.882693,0
1709521133.909032,0
1709521133.931324,0
1709521133.955693,0
1709521133.981018,0
1709521134.001029,0
1709521134.060868,0
1709521134.098784,0
1709521134.127088,0
1709521134.158291,0
1709521134.179286,0
1709521134.232818,0
1709521134.251138,0
1709521134.270860,0
1709521134.326075,0
1709521134.345542,0
1709521134.367280,0
1709521134.394770,0
1709521134.417878,0
1709521134.441349,0
1709521134.494905,0
1709521134.521033,0
1709521134.569727,0
1709521134.590605,0
1709521134.617749,0
1709521134.644687,0
1709521134.666992,0
1709521134.703820,0
1709521134.743635,0
1709521134.765996,0
1709521134.790105,0
1709521134.844024,0
1709521134.866156,0
1709521134.884306,0
1709521134.902177,0
1709521134.924680,0
1709521134.952136,0
1709521134.976231,0
1709521135.007277,0
1709521135.030357,0
1709521135.051489,0
1709521135.144566,0
1709521135.164651,0
1709521135.200439,0
1709521135.226513,0
1709521135.279853,0
1709521135.300293,0
1709521135.333379,0
1709521135.376734,0
1709521135.399586,0
1709521135.461750,0
1709521135.484741,0
1709521135.510890,0
1709521135.570793,0
1709521135.591223,0
1709521135.625635,0
1709521135.657590,0
1709521135.680850,0
1709521135.702541,0
1709521135.746319,0
1709521135.778390,0
1709521135.808678,0
1709521135.831093,0
1709521135.853508,0
1709521135.878209,0
1709521135.901576,0
1709521135.950835,0
1709521135.977372,0
1709521135.998994,0
1709521136.065732,0
1709521136.084737,0
1709521136.105243,0
1709521136.130053,0
1709521136.200520,0
1709521136.219232,0
1709521136.275738,0
1709521136.304039,0
1709521136.339578,0
1709521136.366908,0
1709521136.404252,0
1709521136.424724,0
1709521136.478946,0
1709521136.508377,0
1709521136.537417,0
1709521136.574869,0
1709521136.640712,0
1709521136.671877,0
1709521136.699964,0
1709521136.736015,0
1709521136.755885,0
1709521136.777772,0
1709521136.812277,0
1709521136.837508,0
1709521136.899662,0
1709521136.920977,0
1709521136.981541,0
1709521137.001624,0
1709521137.040014,0
1709521137.065120,0
1709521137.135208,0
1709521137.158564,0
1709521137.227978,0
1709521137.272535,0
1709521137.295587,0
1709521137.353052,0
1709521137.407861,0
1709521137.434408,0
1709521137.480723,0
1709521137.524489,0
1709521137.547009,0
1709521137.569206,0
1709521137.625505,0
1709521137.648631,0
1709521137.669554,0
1709521137.692515,0
1709521137.715505,0
1709521137.784419,0
1709521137.804692,0
1709521137.853612,0
1709521137.895360,0
1709521137.921871,0
1709521137.950736,0
1709521137.975574,0
1709521138.035665,0
1709521138.066033,0
1709521138.101157,0
1709521138.121599,0
1709521138.143088,0
1709521138.173592,0
1709521138.198970,0
1709521138.261465,0
1709521138.290766,0
1709521138.326090,0
1709521138.346446,0
1709521138.374692,0
1709521138.456792,0
1709521138.498107,0
1709521138.517937,0
1709521138.541026,0
1709521138.563631,0
1709521138.594945,0
1709521138.617812,0
1709521138.676941,0
1709521138.717116,0
1709521138.781925,0
1709521138.804321,0
1709521138.830167,0
1709521138.867642,0
1709521138.934011,0
1709521138.958369,0
1709521139.001693,0
1709521139.042963,0
1709521139.064286,0
1709521139.101670,0
1709521139.122636,0
1709521139.176161,0
1709521139.197310,0
1709521139.230675,0
1709521139.259771,0
1709521139.287714,0
1709521139.320763,0
1709521139.363655,0
1709521139.385308,0
1709521139.402691,0
1709521139.421817,0
1709521139.469815,0
1709521139.492700,0
1709521139.527687,0
1709521139.562476,0
1709521139.588224,0
1709521139.611688,0
1709521139.663269,0
1709521139.697179,0
1709521139.733154,0
1709521139.758121,0
1709521139.793217,0
1709521139.843796,0
1709521139.892101,0
1709521139.928608,0
1709521139.990781,0
1709521140.015325,0
1709521140.041116,0
1709521140.085098,0
1709521140.141989,0
1709521140.168729,0
1709521140.196983,0
1709521140.250956,0
1709521140.295711,0
1709521140.316974,0
1709521140.349878,0
1709521140.397045,0
1709521140.443128,0
1709521140.470532,0
1709521140.494888,0
1709521140.565544,0
1709521140.592921,0
1709521140.618238,0
1709521140.651517,0
1709521140.671457,0
1709521140.730841,0
1709521140.758365,0
1709521140.803248,0
1709521140.825784,0
1709521140.850607,0
1709521140.887636,0
1709521140.908655,0
1709521140.968605,0
1709521140.997083,0
1709521141.054214,0
1709521141.082918,0
1709521141.114750,0
1709521141.134329,0
1709521141.229918,0
1709521141.249649,0
1709521141.275345,0
1709521141.309788,0
1709521141.378291,0
1709521141.400776,0
1709521141.422618,0
1709521141.477669,0
1709521141.502854,0
1709521141.528597,0
1709521141.554016,0
1709521141.614945,0
1709521141.653668,0
1709521141.678044,0
1709521141.714837,0
1709521141.754503,0
1709521141.789058,0
1709521141.810642,0
1709521141.837319,0
1709521141.858072,0
1709521141.928616,0
1709521141.951332,0
1709521142.000545,0
1709521142.062511,0
1709521142.085557,0
1709521142.143500,0
1709521142.167089,0
1709521142.192878,0
1709521142.219209,0
1709521142.267459,0
1709521142.296943,0
1709521142.347552,0
1709521142.366799,0
1709521142.389480,0
1709521142.425599,0
1709521142.447538,0
1709521142.477238,0
1709521142.498530,0
1709521142.540285,0
1709521142.564289,0
1709521142.591552,0
1709521142.651364,0
1709521142.680495,0
1709521142.702368,0
1709521142.731872,0
1709521142.780380,0
1709521142.804083,0
1709521142.853552,0
1709521142.877818,0
1709521142.900903,0
1709521142.965970,0
1709521143.032143,0
1709521143.054258,0
1709521143.077157,0
1709521143.139009,0
1709521143.160157,0
1709521143.188284,0
1709521143.210107,0
1709521143.276993,0
1709521143.301040,0
1709521143.328665,0
1709521143.363239,0
1709521143.384886,0
1709521143.432727,0
1709521143.454525,0
1709521143.501363,0
1709521143.519298,0
1709521143.582902,0
1709521143.610589,0
1709521143.663077,0
1709521143.685957,0
1709521143.713412,0
1709521143.761339,0
1709521143.785556,0
1709521143.856254,0
1709521143.880315,0
1709521143.898961,0
1709521143.927362,0
1709521143.978773,0
1709521144.010106,0
1709521144.059070,0
1709521144.086392,0
1709521144.115301,0
1709521144.169376,0
1709521144.216476,0
1709521144.277608,0
1709521144.302993,0
1709521144.327701,0
1709521144.354832,0
1709521144.392256,0
1709521144.438313,0
1709521144.465957,0
1709521144.486357,0
1709521144.550817,0
1709521144.573833,0
1709521144.617068,0
1709521144.646981,0
1709521144.689396,0
1709521144.716427,0
1709521144.775427,0
1709521144.818683,0
1709521144.868945,0
1709521144.913657,0
1709521144.999439,0
1709521145.021928,0
1709521145.057249,0
1709521145.082117,0
1709521145.103705,0
1709521145.146949,0
1709521145.168516,0
1709521145.261014,0
1709521145.284631,0
1709521145.306411,0
1709521145.336864,0
1709521145.359648,0
1709521145.420171,0
1709521145.443389,0
1709521145.501737,0
1709521145.535750,0
1709521145.566705,0
1709521145.608198,0
1709521145.631682,0
1709521145.675093,0
1709521145.698822,0
1709521145.721255,0
1709521145.743275,0
1709521145.767306,0
1709521145.840582,0
1709521145.897457,0
1709521145.931887,0
1709521145.968948,0
1709521145.998045,0
1709521146.021127,0
1709521146.072608,0
1709521146.107309,0
1709521146.149287,0
1709521146.173408,0
1709521146.206358,1
1709521146.229532,0
1709521146.293225,0
1709521146.314311,0
1709521146.335611,0
1709521146.354586,0
1709521146.378392,0
1709521146.401223,0
1709521146.450619,0
1709521146.491102,0
1709521146.546708,0
1709521146.567893,0
1709521146.597419,0
1709521146.625656,0
1709521146.669293,0
1709521146.689206,0
1709521146.735153,0
1709521146.758944,0
1709521146.795835,0
1709521146.850623,0
1709521146.877179,0
1709521146.900372,0
1709521146.937675,0
1709521146.970749,0
1709521146.997241,0
1709521147.025884,0
1709521147.061061,0
1709521147.081994,0
1709521147.110929,0
1709521147.159937,0
1709521147.198947,0
1709521147.220530,0
1709521147.258125,0
1709521147.293791,0
1709521147.315894,0
1709521147.374285,0
1709521147.406050,0
1709521147.429409,0
1709521147.453565,0
1709521147.483930,0
1709521147.532023,0
1709521147.557803,0
1709521147.613621,0
1709521147.635390,0
1709521147.665344,0
1709521147.687274,0
1709521147.746634,0
1709521147.781886,0
1709521147.811435,0
1709521147.848834,0
1709521147.875457,0
1709521147.981248,0
1709521148.017981,0
1709521148.111482,0
1709521148.170777,0
1709521148.197499,0
1709521148.232306,0
1709521148.253242,0
1709521148.325566,0
1709521148.382778,0
1709521148.481279,0
1709521148.518357,0
1709521148.585568,0
1709521148.610667,0
1709521148.641233,0
1709521148.667920,0
1709521148.732992,0
1709521148.758578,0
1709521148.824563,0
1709521148.851724,0
1709521148.873372,0
1709521148.962612,0
1709521148.996426,0
1709521149.017183,0
1709521149.050414,0
1709521149.110024,0
1709521149.136086,0
1709521149.167368,0
1709521149.188125,0
1709521149.207607,0
1709521149.280030,0
1709521149.299970,0
1709521149.374831,0
1709521149.398952,0
1709521149.429336,0
1709521149.451365,0
1709521149.497254,0
1709521149.521300,0
1709521149.602286,0
1709521149.620308,0
1709521149.656911,0
1709521149.693637,0
1709521149.734536,0
1709521149.764258,0
1709521149.785516,0
1709521149.805476,0
1709521149.834711,0
1709521149.893527,0
1709521149.921540,0
1709521149.946216,0
1709521149.970591,0
1709521149.998282,0
1709521150.034098,0
1709521150.076316,0
1709521150.095615,0
1709521150.121785,0
1709521150.143641,0
1709521150.167488,0
1709521150.187512,0
1709521150.229236,0
1709521150.252883,0
1709521150.317499,0
1709521150.337156,0
1709521150.406879,0
1709521150.427729,0
1709521150.457729,0
1709521150.483203,0
1709521150.546442,0
1709521150.565859,0
1709521150.627189,0
1709521150.652873,0
1709521150.705285,0
1709521150.745746,0
1709521150.764631,0
1709521150.790312,0
1709521150.820914,0
1709521150.864082,0
1709521150.889165,0
1709521150.920788,0
1709521150.969131,0
1709521150.992604,0
1709521151.012882,0
1709521151.044867,0
1709521151.079815,0
1709521151.102458,0
1709521151.135887,0
1709521151.189931,0
1709521151.222942,0
1709521151.279411,0
1709521151.307016,0
1709521151.340974,0
1709521151.365502,0
1709521151.385802,0
1709521151.437216,0
1709521151.458833,0
1709521151.499261,0
1709521151.547661,0
1709521151.585127,0
1709521151.629015,0
1709521151.655678,0
1709521151.728136,0
1709521151.759662,0
1709521151.799253,0
1709521151.847023,0
1709521151.882878,0
1709521151.901165,0
1709521151.923835,0
1709521151.986959,0
1709521152.051908,0
1709521152.072923,0
1709521152.093519,0
1709521152.113841,0
1709521152.166244,0
1709521152.204123,0
1709521152.223407,0
1709521152.247644,0
1709521152.269372,0
1709521152.314761,0
1709521152.377762,0
1709521152.404195,0
1709521152.426201,0
1709521152.460174,0
1709521152.501650,0
1709521152.531643,0
1709521152.554906,0
1709521152.611980,0
1709521152.678826,0
1709521152.705108,0
1709521152.748557,0
1709521152.770420,0
1709521152.795657,0
1709521152.826426,0
1709521152.849591,0
1709521152.912694,0
1709521152.949758,0
1709521152.970688,0
1709521152.996159,0
1709521153.035008,0
1709521153.063735,0
1709521153.114933,0
1709521153.136579,0
1709521153.169293,0
1709521153.201880,0
1709521153.255859,0
1709521153.305613,0
1709521153.333802,0
1709521153.352052,0
1709521153.383323,0
1709521153.443672,0
1709521153.503649,0
1709521153.523992,0
1709521153.552198,0
1709521153.580057,0
1709521153.638567,0
1709521153.666960,0
1709521153.712470,0
1709521153.744215,0
1709521153.763957,0
1709521153.798265,0
1709521153.828458,0
1709521153.853024,0
1709521153.876535,0
1709521153.899161,0
1709521153.926700,0
1709521153.950776,0
1709521153.970086,0
1709521153.989339,0
1709521154.060694,0
1709521154.086795,0
1709521154.135951,0
1709521154.159032,0
1709521154.179816,0
1709521154.207865,0
1709521154.282511,0
1709521154.307407,0
1709521154.356354,0
1709521154.384138,0
1709521154.419294,0
1709521154.472476,0
1709521154.492917,0
1709521154.548531,0
1709521154.569126,0
1709521154.594687,0
1709521154.643641,0
1709521154.702658,0
1709521154.729078,0
1709521154.764136,0
1709521154.786795,0
1709521154.807918,0
1709521154.828595,0
1709521154.867681,0
1709521154.892510,0
1709521154.925454,0
1709521154.950882,0
1709521154.995078,0
1709521155.031603,0
1709521155.062014,0
1709521155.091412,0
1709521155.144600,0
1709521155.170804,0
1709521155.191274,0
1709521155.260857,0
1709521155.296314,0
1709521155.326828,0
1709521155.383939,0
1709521155.405962,0
1709521155.449486,0
1709521155.477281,0
1709521155.502538,0
1709521155.559369,0
1709521155.585312,0
1709521155.617484,0
1709521155.643299,0
1709521155.671077,0
1709521155.693190,0
1709521155.714988,0
1709521155.735262,0
1709521155.754306,0
1709521155.775898,0
1709521155.797428,0
1709521155.834174,0
1709521155.876493,0
1709521155.898232,0
1709521155.918473,0
1709521155.945129,0
1709521155.966642,0
1709521155.993914,0
1709521156.042083,0
1709521156.079523,0
1709521156.134404,0
1709521156.163795,0
1709521156.183228,0
1709521156.208610,0
1709521156.281328,0
1709521156.305459,0
1709521156.347477,0
1709521156.383957,0
1709521156.430867,0
1709521156.475590,0
1709521156.535255,0
1709521156.554327,0
1709521156.576990,0
1709521156.599967,0
1709521156.633433,0
1709521156.656495,0
1709521156.738371,0
1709521156.764934,0
1709521156.784856,0
1709521156.818443,0
1709521156.864518,0
1709521156.882551,0
1709521156.900203,0
1709521156.923761,0
1709521156.981649,0
1709521157.003141,0
1709521157.028742,0
1709521157.065830,0
1709521157.100844,0
1709521157.153084,0
1709521157.188135,0
1709521157.210094,0
1709521157.245235,0
1709521157.276373,0
1709521157.333975,0
1709521157.363153,0
1709521157.397913,0
1709521157.425780,0
1709521157.471189,0
1709521157.495479,0
1709521157.524601,0
1709521157.561589,0
1709521157.599541,0
1709521157.619413,0
1709521157.641028,0
1709521157.663544,0
1709521157.689537,0
1709521157.721879,0
1709521157.790371,0
1709521157.825305,0
1709521157.849949,0
1709521157.917589,0
1709521157.940987,0
1709521157.972366,0
1709521157.998022,0
1709521158.062572,0
1709521158.083825,0
1709521158.129091,0
1709521158.149335,0
1709521158.168537,0
1709521158.203198,0
1709521158.228874,0
1709521158.253660,0
1709521158.315211,0
1709521158.341548,0
1709521158.365124,0
1709521158.401075,0
1709521158.424102,0
1709521158.454700,0
1709521158.479762,0
1709521158.518468,0
1709521158.540542,0
1709521158.602681,0
1709521158.623635,0
1709521158.647272,0
1709521158.668912,0
1709521158.714597,0
1709521158.740024,0
1709521158.771214,0
1709521158.816449,0
1709521158.850581,0
1709521158.884621,0
1709521158.950777,0
1709521159.011236,0
1709521159.043961,0
1709521159.080049,0
1709521159.115103,0
1709521159.146602,0
1709521159.180065,0
1709521159.201567,0
1709521159.233263,0
1709521159.254235,0
1709521159.309028,0
1709521159.366618,0
1709521159.390352,0
1709521159.412939,0
1709521159.436467,0
1709521159.477782,0
1709521159.531240,0
1709521159.586643,0
1709521159.604167,0
1709521159.625642,0
1709521159.680021,0
1709521159.701989,0
1709521159.765945,0
1709521159.784625,0
1709521159.819293,0
1709521159.840114,0
1709521159.897137,0
1709521159.919568,0
1709521159.963745,0
1709521159.992189,0
1709521160.018861,0
1709521160.044944,0
1709521160.067341,0
1709521160.126592,0
1709521160.154184,0
1709521160.209332,0
1709521160.238277,0
1709521160.271668,0
1709521160.295245,0
1709521160.317077,0
1709521160.347934,0
1709521160.396270,0
1709521160.416526,0
1709521160.441036,0
1709521160.464357,0
1709521160.513738,0
1709521160.533135,0
1709521160.567449,0
1709521160.588037,0
1709521160.632366,0
1709521160.678326,0
1709521160.727359,0
1709521160.753065,0
1709521160.779835,0
1709521160.807953,0
1709521160.860838,0
1709521160.881571,0
1709521160.903091,0
1709521160.924455,0
1709521160.979515,0
1709521161.000734,0
1709521161.025481,0
1709521161.051859,0
1709521161.083153,0
1709521161.103023,0
1709521161.170320,0
1709521161.199760,0
1709521161.229358,0
1709521161.284891,0
1709521161.314724,0
1709521161.339197,0
1709521161.360950,0
1709521161.382524,0
1709521161.456058,0
1709521161.474836,0
1709521161.501386,0
1709521161.524245,0
1709521161.547270,0
1709521161.564772,0
1709521161.584801,0
1709521161.642496,0
1709521161.671045,0
1709521161.717477,0
1709521161.767180,0
1709521161.789310,0
1709521161.825265,0
1709521161.866384,0
1709521161.907199,0
1709521161.954231,0
1709521161.991876,0
1709521162.014849,0
1709521162.047388,0
1709521162.068185,0
1709521162.087040,0
1709521162.159290,0
1709521162.183954,0
1709521162.203572,0
1709521162.234925,0
1709521162.259206,0
1709521162.293405,0
1709521162.345223,0
1709521162.378999,0
1709521162.426872,0
1709521162.450121,0
1709521162.471205,0
1709521162.491182,0
1709521162.516939,0
1709521162.581479,0
1709521162.602617,0
1709521162.652142,0
1709521162.677425,0
1709521162.720390,0
1709521162.780427,0
1709521162.818915,0
1709521162.847578,0
1709521162.894301,0
1709521162.947195,0
1709521162.999224,0
1709521163.029166,0
1709521163.067429,0
1709521163.094815,0
1709521163.124988,0
1709521163.167415,0
1709521163.187753,0
1709521163.211129,0
1709521163.238789,0
1709521163.259295,0
1709521163.283609,0
1709521163.333761,0
1709521163.378303,0
1709521163.401670,0
1709521163.428393,0
1709521163.451683,0
1709521163.471207,0
1709521163.492622,0
1709521163.556126,0
1709521163.582734,0
1709521163.602679,0
1709521163.627522,0
1709521163.652555,0
1709521163.692609,0
1709521163.747400,0
1709521163.768987,0
1709521163.794377,0
1709521163.828261,0
1709521163.874493,0
1709521163.925463,0
1709521163.958547,0
1709521164.032208,0
1709521164.064111,0
1709521164.119623,0
1709521164.139989,0
1709521164.177126,0
1709521164.203789,0
1709521164.230700,0
1709521164.249775,0
1709521164.311430,0
1709521164.342654,0
1709521164.379742,0
1709521164.403463,0
1709521164.424702,0
1709521164.443203,0
1709521164.475585,0
1709521164.516969,0
1709521164.564466,0
1709521164.582278,0
1709521164.650214,0
1709521164.670067,0
1709521164.696774,0
1709521164.737207,0
1709521164.760796,0
1709521164.876809,0
1709521164.904819,0
1709521164.981348,0
1709521165.014253,0
1709521165.051772,0
1709521165.094354,0
1709521165.121068,0
1709521165.188399,0
1709521165.221237,0
1709521165.244107,0
1709521165.264614,0
1709521165.299058,0
1709521165.362773,0
1709521165.394241,0
1709521165.437568,0
1709521165.469123,0
1709521165.532516,0
1709521165.558407,0
1709521165.579706,0
1709521165.601617,0
1709521165.643935,0
1709521165.669713,0
1709521165.698976,0
1709521165.748280,0
1709521165.769782,0
1709521165.821988,0
1709521165.845784,0
1709521165.875513,0
1709521165.899868,0
1709521165.921169,0
1709521165.949403,0
1709521165.969962,0
1709521166.018327,0
1709521166.039625,0
1709521166.106032,0
1709521166.131964,0
1709521166.151904,0
1709521166.201983,0
1709521166.229047,0
1709521166.290733,0
1709521166.315098,0
1709521166.356548,0
1709521166.389966,0
1709521166.414600,0
1709521166.435983,0
1709521166.504984,0
1709521166.571635,0
1709521166.593573,0
1709521166.621797,0
1709521166.643982,0
1709521166.710515,0
1709521166.735832,0
1709521166.799405,0
1709521166.821338,0
1709521166.870611,0
1709521166.896165,0
1709521166.959561,0
1709521166.985144,0
1709521167.034364,0
1709521167.065456,0
1709521167.095757,0
1709521167.151536,0
1709521167.191831,0
1709521167.215690,0
1709521167.237927,0
1709521167.284386,0
1709521167.313175,0
1709521167.339293,0
1709521167.383619,0
1709521167.410265,0
1709521167.460991,0
1709521167.484585,0
1709521167.511758,0
1709521167.554217,0
1709521167.580408,0
1709521167.606871,0
1709521167.632197,0
1709521167.654247,0
1709521167.694789,0
1709521167.734707,0
1709521167.765664,0
1709521167.826503,0
1709521167.847632,0
1709521167.887666,0
1709521167.914979,0
1709521167.940765,0
1709521167.965673,0
1709521168.021087,0
1709521168.043236,0
1709521168.066759,0
1709521168.086546,0
1709521168.139347,0
1709521168.163581,0
1709521168.188424,0
1709521168.245652,0
1709521168.318753,0
1709521168.342947,0
1709521168.412318,0
1709521168.483184,0
1709521168.505773,0
1709521168.558678,0
1709521168.584677,0
1709521168.613493,0
1709521168.681747,0
1709521168.703229,0
1709521168.732910,0
1709521168.774479,0
1709521168.843654,0
1709521168.880913,0
1709521168.902098,0
1709521168.952710,0
1709521168.978950,0
1709521169.010015,0
1709521169.060288,0
1709521169.089986,0
1709521169.118726,0
1709521169.152480,0
1709521169.187855,0
1709521169.211482,0
1709521169.237798,0
1709521169.255487,0
1709521169.281649,0
1709521169.300719,0
1709521169.365406,0
1709521169.383471,0
1709521169.411594,0
1709521169.453642,0
1709521169.475760,0
1709521169.499780,0
1709521169.520737,0
1709521169.545450,0
1709521169.569450,0
1709521169.619800,0
1709521169.642949,0
1709521169.667715,0
1709521169.716794,0
1709521169.751259,0
1709521169.783153,0
1709521169.813353,0
1709521169.836807,0
1709521169.860857,0
1709521169.885857,0
1709521169.926931,0
1709521169.971045,0
1709521169.993021,0
1709521170.019986,0
1709521170.040291,0
1709521170.063985,0
1709521170.103441,0
1709521170.126751,0
1709521170.153062,0
1709521170.198721,0
1709521170.229814,0
1709521170.261901,0
1709521170.346358,0
1709521170.407497,0
1709521170.437716,0
1709521170.464107,0
1709521170.507816,0
1709521170.545078,0
1709521170.566521,0
1709521170.614197,0
1709521170.639755,0
1709521170.685270,0
1709521170.706802,0
1709521170.750896,0
1709521170.774238,0
1709521170.801913,0
1709521170.861876,0
1709521170.881768,0
1709521170.907614,0
1709521170.947659,0
1709521170.996708,0
1709521171.018096,0
1709521171.079277,0
1709521171.103004,0
1709521171.161646,0
1709521171.186853,0
1709521171.212905,0
1709521171.271185,0
1709521171.299797,0
1709521171.336107,0
1709521171.366157,0
1709521171.386633,0
1709521171.411248,0
1709521171.432387,0
1709521171.503230,0
1709521171.532539,0
1709521171.601745,0
1709521171.650568,0
1709521171.671456,0
1709521171.694554,0
1709521171.732956,0
1709521171.753628,0
1709521171.783339,0
1709521171.842167,0
1709521171.863477,0
1709521171.882800,0
1709521171.928463,0
1709521171.983142,0
1709521172.001323,0
1709521172.061578,0
1709521172.104714,0
1709521172.128944,0
1709521172.180423,0
1709521172.199598,0
1709521172.252718,0
1709521172.299453,0
1709521172.320616,0
1709521172.348318,0
1709521172.376030,0
1709521172.416218,0
1709521172.440112,0
1709521172.463347,0
1709521172.486539,0
1709521172.543119,0
1709521172.565611,0
1709521172.587453,0
1709521172.648253,0
1709521172.678529,0
1709521172.730075,0
1709521172.779269,0
1709521172.803321,0
1709521172.832669,0
1709521172.885322,0
1709521172.951896,0
1709521172.990144,0
1709521173.016583,0
1709521173.045429,0
1709521173.068732,0
1709521173.103412,0
1709521173.131640,0
1709521173.159878,0
1709521173.178627,0
1709521173.201530,0
1709521173.236843,0
1709521173.258533,0
1709521173.280755,0
1709521173.314402,0
1709521173.343442,0
1709521173.367012,0
1709521173.391826,0
1709521173.462879,0
1709521173.488410,0
1709521173.516567,0
1709521173.564702,0
1709521173.591011,0
1709521173.619545,0
1709521173.663755,0
1709521173.695595,0
1709521173.773928,0
1709521173.801394,0
1709521173.832194,0
1709521173.900303,0
1709521173.932432,0
1709521173.954492,0
1709521174.017013,0
1709521174.051369,0
1709521174.083419,0
1709521174.116402,0
1709521174.153704,0
1709521174.180062,0
1709521174.218628,0
1709521174.264607,0
1709521174.349615,0
1709521174.372416,0
1709521174.394992,0
1709521174.430641,0
1709521174.449766,0
1709521174.500739,0
1709521174.524108,0
1709521174.544528,0
1709521174.570157,0
1709521174.611402,0
1709521174.635787,0
1709521174.668920,0
1709521174.717093,0
1709521174.748180,0
1709521174.769114,0
1709521174.790918,0
1709521174.864039,0
1709521174.894395,0
1709521174.945839,0
1709521175.016914,0
1709521175.036813,0
1709521175.058486,0
1709521175.083848,0
1709521175.114806,0
1709521175.137194,0
1709521175.172289,0
1709521175.200758,0
1709521175.218926,0
1709521175.238465,0
1709521175.263305,0
1709521175.282690,0
1709521175.302114,0
1709521175.329736,0
1709521175.394419,0
1709521175.417159,0
1709521175.445584,0
1709521175.531561,0
1709521175.582946,0
1709521175.602401,0
1709521175.629487,0
1709521175.654692,0
1709521175.681159,0
1709521175.738750,0
1709521175.759210,0
1709521175.785223,0
1709521175.854187,0
1709521175.892944,0
1709521175.938151,0
1709521175.968568,0
1709521176.008525,0
1709521176.040504,0
1709521176.072358,0
1709521176.097197,0
1709521176.130625,0
1709521176.187033,0
1709521176.208624,0
1709521176.243447,0
1709521176.269780,0
1709521176.288529,0
1709521176.312520,0
1709521176.360678,0
1709521176.392137,0
1709521176.432147,0
1709521176.456944,0
1709521176.484836,0
1709521176.521786,0
1709521176.584137,0
1709521176.614142,0
1709521176.663473,0
1709521176.689789,0
1709521176.715900,0
1709521176.758111,0
1709521176.780827,0
1709521176.838335,0
1709521176.859269,0
1709521176.878998,0
1709521176.900065,0
1709521176.924905,0
1709521176.945916,0
1709521176.995442,0
1709521177.032581,0
1709521177.055188,0
1709521177.080410,0
1709521177.108972,0
1709521177.133708,0
1709521177.195185,0
1709521177.226790,0
1709521177.269089,0
1709521177.324749,0
1709521177.371143,0
1709521177.399917,0
1709521177.447103,0
1709521177.513195,0
1709521177.545051,0
1709521177.571633,0
1709521177.607340,0
1709521177.652636,0
1709521177.712429,0
1709521177.740857,0
1709521177.793205,0
1709521177.846858,0
1709521177.867832,0
1709521177.891655,0
1709521177.915842,0
1709521177.947842,0
1709521177.999831,0
1709521178.019352,0
1709521178.075983,0
1709521178.101924,0
1709521178.121549,0
1709521178.148112,0
1709521178.168463,0
1709521178.202937,0
1709521178.231747,0
1709521178.251890,0
1709521178.277613,0
1709521178.297195,0
1709521178.318760,0
1709521178.364841,0
1709521178.401048,0
1709521178.430052,0
1709521178.483710,0
1709521178.504143,0
1709521178.527214,0
1709521178.579285,0
1709521178.602415,0
1709521178.632757,0
1709521178.654247,0
1709521178.681104,0
1709521178.744420,0
1709521178.787086,0
1709521178.817327,0
1709521178.850604,0
1709521178.876529,0
1709521178.900789,0
1709521178.948677,0
1709521178.965781,0
1709521178.986073,0
1709521179.040524,0
1709521179.102610,0
1709521179.131662,0
1709521179.175705,0
1709521179.236948,0
1709521179.267538,0
1709521179.326919,0
1709521179.351091,0
1709521179.374603,0
1709521179.396684,0
1709521179.418942,0
1709521179.442536,0
1709521179.466684,0
1709521179.507390,0
1709521179.552010,0
1709521179.571313,0
1709521179.609663,0
1709521179.653285,0
1709521179.680422,0
1709521179.707770,0
1709521179.754502,0
1709521179.816480,0
1709521179.842514,0
1709521179.897166,0
1709521179.950614,0
1709521180.004489,0
1709521180.045966,0
1709521180.078929,0
1709521180.130204,0
1709521180.151887,0
1709521180.195970,0
1709521180.222693,0
1709521180.304763,0
1709521180.331352,0
1709521180.367021,0
1709521180.397318,0
1709521180.465063,0
1709521180.486288,0
1709521180.516291,0
1709521180.535659,0
1709521180.567101,0
1709521180.630693,0
1709521180.658707,0
1709521180.725867,0
1709521180.751947,0
1709521180.780546,0
1709521180.826043,0
1709521180.865927,0
1709521180.891346,0
1709521180.930772,0
1709521180.958211,0
1709521181.009779,0
1709521181.031569,0
1709521181.065027,0
1709521181.112897,0
1709521181.136140,0
1709521181.166471,0
1709521181.191960,0
1709521181.255490,0
1709521181.282262,0
1709521181.300648,0
1709521181.334993,0
1709521181.354491,0
1709521181.378049,0
1709521181.397329,0
1709521181.427709,0
1709521181.468927,0
1709521181.504428,0
1709521181.551315,0
1709521181.580805,0
1709521181.603576,0
1709521181.632136,0
1709521181.692446,0
1709521181.734366,0
1709521181.776906,0
1709521181.803335,0
1709521181.879120,0
1709521181.900244,0
1709521181.936122,0
1709521181.955517,0
1709521181.976004,0
1709521182.013773,0
1709521182.065745,0
1709521182.099132,0
1709521182.122150,0
1709521182.151971,0
1709521182.176731,0
1709521182.207168,0
1709521182.264946,0
1709521182.306197,0
1709521182.333040,0
1709521182.354229,0
1709521182.375998,0
1709521182.409506,0
1709521182.432310,0
1709521182.455141,0
1709521182.520786,0
1709521182.543519,0
1709521182.597790,0
1709521182.621378,0
1709521182.654431,0
1709521182.679947,0
1709521182.704559,0
1709521182.771883,0
1709521182.797029,0
1709521182.822352,0
1709521182.861165,0
1709521182.902456,0
1709521182.923985,0
1709521182.944385,0
1709521182.992095,0
1709521183.021447,0
1709521183.051698,0
1709521183.078353,0
1709521183.098772,0
1709521183.131557,0
1709521183.199120,0
1709521183.217907,0
1709521183.237117,0
1709521183.259801,0
1709521183.284592,0
1709521183.323585,0
1709521183.374966,0
1709521183.429129,0
1709521183.452535,0
1709521183.483509,0
1709521183.520588,0
1709521183.565373,0
1709521183.585335,0
1709521183.636344,0
1709521183.668178,0
1709521183.687959,0
1709521183.708771,0
1709521183.732083,0
1709521183.787414,0
1709521183.848029,0
1709521183.870445,0
1709521183.897835,0
1709521183.940923,0
1709521183.966218,0
1709521183.991135,0
1709521184.048302,0
1709521184.067216,0
1709521184.092589,0
1709521184.116895,0
1709521184.166528,0
1709521184.193656,0
1709521184.221504,0
1709521184.262409,0
1709521184.295803,0
1709521184.320818,0
1709521184.343737,0
1709521184.373606,0
1709521184.409357,0
1709521184.451012,0
1709521184.472310,0
1709521184.529175,0
1709521184.558936,0
1709521184.582635,0
1709521184.603799,0
1709521184.624815,0
1709521184.646366,0
1709521184.701772,0
1709521184.723237,0
1709521184.784065,0
1709521184.812238,0
1709521184.833223,0
1709521184.856182,0
1709521184.878263,0
1709521184.898154,0
1709521184.961016,0
1709521184.981767,0
1709521185.016442,0
1709521185.044775,0
1709521185.072943,0
1709521185.121776,0
1709521185.146048,0
1709521185.164616,0
1709521185.200573,0
1709521185.262273,0
1709521185.304951,0
1709521185.335315,0
1709521185.359525,0
1709521185.438040,0
1709521185.478137,0
1709521185.502184,0
1709521185.529904,0
1709521185.561545,0
1709521185.600811,0
1709521185.620165,0
1709521185.639398,0
1709521185.687945,0
1709521185.711452,0
1709521185.736365,0
1709521185.758641,0
1709521185.805827,0
1709521185.833489,0
1709521185.883644,0
1709521185.909733,0
1709521185.933708,0
1709521185.956739,0
1709521185.982714,0
1709521186.018688,0
1709521186.095247,0
1709521186.118059,0
1709521186.144385,0
1709521186.189003,0
1709521186.214578,0
1709521186.234905,0
1709521186.278906,0
1709521186.308902,0
1709521186.354088,0
1709521186.383835,0
1709521186.413282,0
1709521186.463985,0
1709521186.492033,0
1709521186.563570,0
1709521186.587751,0
1709521186.614540,0
1709521186.677750,0
1709521186.736980,0
1709521186.757204,0
1709521186.817047,0
1709521186.845316,0
1709521186.868328,0
1709521186.905908,0
1709521186.928298,0
1709521186.949472,0
1709521186.978483,0
1709521187.014390,0
1709521187.069167,0
1709521187.092063,0
1709521187.156202,0
1709521187.183654,0
1709521187.208248,0
1709521187.266145,0
1709521187.303097,0
1709521187.329529,0
1709521187.387198,0
1709521187.415524,0
1709521187.447261,0
1709521187.499853,0
1709521187.525808,0
1709521187.565534,0
1709521187.593543,0
1709521187.617449,0
1709521187.649773,0
1709521187.670852,0
1709521187.696516,0
1709521187.727211,0
1709521187.753702,0
1709521187.773823,0
1709521187.797719,0
1709521187.855088,0
1709521187.882187,0
1709521187.904367,0
1709521187.949811,0
1709521187.991398,0
1709521188.013360,0
1709521188.035101,0
1709521188.078212,0
1709521188.110983,0
1709521188.174126,0
1709521188.204992,0
1709521188.232826,0
1709521188.286956,0
1709521188.305387,0
1709521188.338097,0
1709521188.363867,0
1709521188.401504,0
1709521188.432142,0
1709521188.476086,0
1709521188.503706,0
1709521188.525211,0
1709521188.547549,0
1709521188.614452,0
1709521188.636167,0
1709521188.659203,0
1709521188.679694,0
1709521188.698409,0
1709521188.741330,0
1709521188.764487,0
1709521188.811332,0
1709521188.845479,0
1709521188.866352,0
1709521188.937298,0
1709521189.018123,0
1709521189.043392,0
1709521189.113654,0
1709521189.134538,0
1709521189.197714,0
1709521189.221042,0
1709521189.249922,0
1709521189.282429,0
1709521189.315846,0
1709521189.341012,0
1709521189.404297,0
1709521189.429151,0
1709521189.449014,0
1709521189.474798,0
1709521189.498082,0
1709521189.560708,0
1709521189.589459,0
1709521189.642884,0
1709521189.674260,0
1709521189.696103,0
1709521189.723459,0
1709521189.752536,0
1709521189.777791,0
1709521189.799863,0
1709521189.839083,0
1709521189.864805,0
1709521189.884964,0
1709521189.914418,0
1709521189.935677,0
1709521189.956338,0
1709521190.003450,0
1709521190.025489,0
1709521190.070544,0
1709521190.092904,0
1709521190.129903,0
1709521190.151738,0
1709521190.212344,0
1709521190.241450,0
1709521190.283703,0
1709521190.308101,0
1709521190.332712,0
1709521190.352261,0
1709521190.388864,0
1709521190.432823,0
1709521190.496784,0
1709521190.537202,0
1709521190.588941,0
1709521190.613597,0
1709521190.665448,0
1709521190.696262,0
1709521190.725639,0
1709521190.765620,0
1709521190.788075,0
1709521190.832919,0
1709521190.859909,0
1709521190.883415,0
1709521190.903032,0
1709521190.966115,0
1709521191.009068,0
1709521191.035130,0
1709521191.063732,0
1709521191.093271,0
1709521191.150848,0
1709521191.188510,0
1709521191.220767,0
1709521191.249144,0
1709521191.285548,0
1709521191.345752,0
1709521191.369749,0
1709521191.400737,0
1709521191.434644,0
1709521191.466660,0
1709521191.501548,0
1709521191.525141,0
1709521191.555627,0
1709521191.632177,0
1709521191.711053,0
1709521191.732195,0
1709521191.767360,0
1709521191.788512,0
1709521191.815522,0
1709521191.879085,0
1709521191.910606,0
1709521191.936352,0
1709521191.974876,0
1709521192.004926,0
1709521192.075480,0
1709521192.109306,0
1709521192.136364,0
1709521192.198431,0
1709521192.218990,0
1709521192.257726,0
1709521192.296006,0
1709521192.319166,0
1709521192.348381,0
1709521192.401523,0
1709521192.451539,0
1709521192.474941,0
1709521192.512872,0
1709521192.558646,0
1709521192.594649,0
1709521192.618308,0
1709521192.648047,0
1709521192.696979,0
1709521192.761528,0
1709521192.796080,0
1709521192.824615,0
1709521192.853719,0
1709521192.879824,0
1709521192.909338,0
1709521192.962971,0
1709521193.020911,0
1709521193.049644,0
1709521193.086698,0
1709521193.129530,0
1709521193.158630,0
1709521193.212645,0
1709521193.238664,0
1709521193.266034,0
1709521193.286833,0
1709521193.364658,0
1709521193.385469,0
1709521193.404444,0
1709521193.447246,0
1709521193.481899,0
1709521193.512987,0
1709521193.540594,0
1709521193.571177,0
1709521193.628954,0
1709521193.665094,0
1709521193.686424,0
1709521193.721312,0
1709521193.745252,0
1709521193.766010,0
1709521193.786516,0
1709521193.886956,0
1709521193.929242,0
1709521193.951512,0
1709521193.986380,0
1709521194.051007,0
1709521194.096556,0
1709521194.125082,0
1709521194.197086,0
1709521194.219486,0
1709521194.275164,0
1709521194.299402,0
1709521194.344449,0
1709521194.377026,0
1709521194.417423,0
1709521194.451639,0
1709521194.472609,0
1709521194.494164,0
1709521194.520118,0
1709521194.565827,0
1709521194.621056,0
1709521194.641328,0
1709521194.704055,0
1709521194.747931,0
1709521194.770532,0
1709521194.809239,0
1709521194.861885,0
1709521194.884462,0
1709521194.935351,0
1709521194.968552,0
1709521195.004992,0
1709521195.048057,0
1709521195.088709,0
1709521195.109182,0
1709521195.154828,0
1709521195.187568,0
1709521195.210070,0
1709521195.237442,0
1709521195.277592,0
1709521195.309076,0
1709521195.334815,0
1709521195.395540,0
1709521195.428330,0
1709521195.467748,0
1709521195.515617,0
1709521195.566571,0
1709521195.589655,0
1709521195.613730,0
1709521195.637812,0
1709521195.658110,0
1709521195.677306,0
1709521195.725146,0
1709521195.766610,0
1709521195.786102,0
1709521195.811741,0
1709521195.853312,0
1709521195.882526,0
1709521195.902267,0
1709521195.926317,0
1709521195.953909,0
1709521195.995395,0
1709521196.036761,0
1709521196.057066,0
1709521196.083300,0
1709521196.134382,0
1709521196.163842,0
1709521196.209645,0
1709521196.277444,0
1709521196.299391,0
1709521196.322943,0
1709521196.347318,0
1709521196.395628,0
1709521196.455285,0
1709521196.484077,0
1709521196.543456,0
1709521196.599083,0
1709521196.631926,0
1709521196.684924,0
1709521196.727329,0
1709521196.750993,0
1709521196.808748,0
1709521196.833812,0
1709521196.873831,0
1709521196.898628,0
1709521196.942661,0
1709521196.965292,0
1709521197.031669,0
1709521197.051367,0
1709521197.070892,0
1709521197.089450,0
1709521197.130825,0
1709521197.193123,0
1709521197.265736,0
1709521197.287208,0
1709521197.320440,0
1709521197.343855,0
1709521197.405246,0
1709521197.442866,0
1709521197.493305,0
1709521197.513443,0
1709521197.541396,0
1709521197.570748,0
1709521197.621689,0
1709521197.678957,0
1709521197.710302,0
1709521197.733109,0
1709521197.764064,0
1709521197.788446,0
1709521197.861075,0
1709521197.934641,0
1709521197.963716,0
1709521197.984290,0
1709521198.015503,0
1709521198.087415,0
1709521198.110286,0
1709521198.135750,0
1709521198.163303,0
1709521198.217413,0
1709521198.239111,0
1709521198.291876,0
1709521198.322752,0
1709521198.349636,0
1709521198.381490,0
1709521198.404462,0
1709521198.449017,0
1709521198.474424,0
1709521198.496941,0
1709521198.524993,0
1709521198.559008,0
1709521198.585867,0
1709521198.605601,0
1709521198.631559,0
1709521198.666610,0
1709521198.686074,0
1709521198.777971,0
1709521198.803828,0
1709521198.824344,0
1709521198.851249,0
1709521198.914082,0
1709521198.947649,0
1709521199.011804,0
1709521199.045043,0
1709521199.075645,0
1709521199.121904,0
1709521199.147239,0
1709521199.193603,0
1709521199.218659,0
1709521199.260620,0
1709521199.289707,0
1709521199.356380,0
1709521199.394437,0
1709521199.450694,0
1709521199.476401,0
1709521199.504660,0
1709521199.536911,0
1709521199.580048,0
1709521199.599613,0
1709521199.628376,0
1709521199.659656,0
1709521199.681873,0
1709521199.700409,0
1709521199.736796,0
1709521199.763048,0
1709521199.814232,0
1709521199.835373,0
1709521199.866840,0
1709521199.925599,0
1709521199.947420,0
1709521199.991814,0
1709521200.015040,0
1709521200.060714,0
1709521200.084052,0
1709521200.164893,0
1709521200.183990,0
1709521200.215609,0
1709521200.248672,0
1709521200.276045,0
1709521200.315266,0
1709521200.343860,0
1709521200.382486,0
1709521200.411246,0
1709521200.433572,0
1709521200.453510,0
1709521200.480878,0
1709521200.544853,0
1709521200.592888,0
1709521200.620236,0
1709521200.640469,0
1709521200.659959,0
1709521200.707455,0
1709521200.732005,0
1709521200.803913,0
1709521200.826814,0
1709521200.897861,0
1709521200.930322,0
1709521200.963108,0
1709521200.992279,0
1709521201.059981,0
1709521201.085235,0
1709521201.136673,0
1709521201.160521,0
1709521201.181884,0
1709521201.207527,0
1709521201.230486,0
1709521201.296968,0
1709521201.352806,0
1709521201.381469,0
1709521201.401493,0
1709521201.427931,0
1709521201.494476,0
1709521201.545705,0
1709521201.577655,0
1709521201.600928,0
1709521201.655848,0
1709521201.706685,0
1709521201.734934,0
1709521201.768617,0
1709521201.818571,0
1709521201.851573,0
1709521201.906923,0
1709521201.942700,0
1709521201.968797,0
1709521202.003956,0
1709521202.030760,0
1709521202.059408,0
1709521202.079939,0
1709521202.107319,0
1709521202.130648,0
1709521202.150125,0
1709521202.173076,0
1709521202.214400,0
1709521202.254516,0
1709521202.275062,0
1709521202.311785,0
1709521202.340175,0
1709521202.365325,0
1709521202.405168,0
1709521202.428488,0
1709521202.477590,0
1709521202.515589,0
1709521202.547180,0
1709521202.577080,0
1709521202.633204,0
1709521202.664952,0
1709521202.714278,0
1709521202.737563,0
1709521202.761762,0
1709521202.796922,0
1709521202.825430,0
1709521202.870287,0
1709521202.901658,0
1709521202.932276,0
1709521202.951215,0
1709521203.013620,0
1709521203.042534,0
1709521203.069363,0
1709521203.095229,0
1709521203.126587,0
1709521203.184930,0
1709521203.204165,0
1709521203.264037,0
1709521203.284150,0
1709521203.318425,0
1709521203.337636,0
1709521203.363327,0
1709521203.405494,0
1709521203.432321,0
1709521203.468896,0
1709521203.502075,0
1709521203.538865,0
1709521203.610490,0
1709521203.694573,0
1709521203.720278,0
1709521203.839689,0
1709521203.880604,0
1709521203.911578,0
1709521203.935885,0
1709521203.966669,0
1709521203.993003,0
1709521204.019060,0
1709521204.043458,0
1709521204.100285,0
1709521204.121655,0
1709521204.155409,0
1709521204.221627,0
1709521204.259001,0
1709521204.282368,0
1709521204.341901,0
1709521204.371814,0
1709521204.395876,0
1709521204.452307,0
1709521204.494691,0
1709521204.519481,0
1709521204.567259,0
1709521204.587278,0
1709521204.624554,0
1709521204.648330,0
1709521204.676674,0
1709521204.694873,0
1709521204.714820,0
1709521204.735578,0
1709521204.780287,0
1709521204.849047,0
1709521204.870726,0
1709521204.905028,0
1709521204.925863,0
1709521204.950179,0
1709521204.978128,0
1709521205.041708,0
1709521205.064885,0
1709521205.132132,0
1709521205.153457,0
1709521205.173381,0
1709521205.214146,0
1709521205.235029,0
1709521205.295245,0
1709521205.318319,0
1709521205.384828,0
1709521205.409387,0
1709521205.444461,0
1709521205.517124,0
1709521205.543124,0
1709521205.614641,0
1709521205.640482,0
1709521205.684829,0
1709521205.752420,0
1709521205.777426,0
1709521205.829606,0
1709521205.870985,0
1709521205.893703,0
1709521205.927842,0
1709521205.950636,0
1709521205.976365,0
1709521206.014239,0
1709521206.050903,0
1709521206.110329,0
1709521206.144002,0
1709521206.166893,0
1709521206.212711,0
1709521206.258172,0
1709521206.327443,0
1709521206.400335,0
1709521206.433558,0
1709521206.474303,0
1709521206.542412,0
1709521206.595775,0
1709521206.641958,0
1709521206.671837,0
1709521206.696920,0
1709521206.720153,0
1709521206.740063,0
1709521206.766648,0
1709521206.816730,0
1709521206.862355,0
1709521206.900813,0
1709521206.939535,0
1709521206.961527,0
1709521206.981782,0
1709521207.006699,0
1709521207.029385,0
1709521207.051382,0
1709521207.115802,0
1709521207.162366,0
1709521207.209629,0
1709521207.235614,0
1709521207.258587,0
1709521207.288110,0
1709521207.400898,0
1709521207.424576,0
1709521207.448024,0
1709521207.468245,0
1709521207.505480,0
1709521207.547928,0
1709521207.605292,0
1709521207.629148,0
1709521207.660491,0
1709521207.686808,0
1709521207.709534,0
1709521207.764603,0
1709521207.786844,0
1709521207.808152,0
1709521207.831285,0
1709521207.850907,0
1709521207.879940,0
1709521207.898443,0
1709521207.920657,0
1709521207.941546,0
1709521207.989578,0
1709521208.011436,0
1709521208.076686,0
1709521208.127378,0
1709521208.187361,0
1709521208.209468,0
1709521208.244806,0
1709521208.291236,0
1709521208.315351,0
1709521208.336423,0
1709521208.356100,0
1709521208.376156,0
1709521208.425437,0
1709521208.452704,0
1709521208.501716,0
1709521208.529232,0
1709521208.579362,0
1709521208.634698,0
1709521208.688126,0
1709521208.708176,0
1709521208.743541,0
1709521208.776147,0
1709521208.796396,0
1709521208.847637,0
1709521208.867935,0
1709521208.945000,0
1709521208.972569,0
1709521208.995101,0
1709521209.025777,0
1709521209.075429,0
1709521209.102798,0
1709521209.120923,0
1709521209.178804,0
1709521209.205731,0
1709521209.235436,0
1709521209.277765,0
1709521209.300164,0
1709521209.320097,0
1709521209.387819,0
1709521209.412886,0
1709521209.436955,0
1709521209.458859,0
1709521209.481499,0
1709521209.502058,0
1709521209.534009,0
1709521209.577423,0
1709521209.610324,0
1709521209.632317,0
1709521209.651994,0
1709521209.701445,0
1709521209.722732,0
1709521209.754358,0
1709521209.779994,0
1709521209.801609,0
1709521209.836844,0
1709521209.874846,0
1709521209.898527,0
1709521209.972619,0
1709521209.996192,0
1709521210.017950,0
1709521210.036708,0
1709521210.100164,0
1709521210.118631,0
1709521210.151374,0
1709521210.198552,0
1709521210.219339,0
1709521210.281258,0
1709521210.317780,0
1709521210.355171,0
1709521210.372995,0
1709521210.397447,0
1709521210.426444,0
1709521210.515604,0
1709521210.535894,0
1709521210.559122,0
1709521210.598183,0
1709521210.647892,0
1709521210.670077,0
1709521210.699353,0
1709521210.727902,0
1709521210.808714,0
1709521210.869730,0
1709521210.895683,0
1709521210.935979,0
1709521210.960163,0
1709521211.000906,0
1709521211.028398,0
1709521211.117003,0
1709521211.144385,0
1709521211.169899,0
1709521211.195036,0
1709521211.260277,0
1709521211.289448,0
1709521211.334748,0
1709521211.360944,0
1709521211.386994,0
1709521211.414310,0
1709521211.436464,0
1709521211.468331,0
1709521211.489575,0
1709521211.512835,0
1709521211.616061,0
1709521211.643552,0
1709521211.679331,0
1709521211.705935,0
1709521211.735657,0
1709521211.780665,0
1709521211.828096,0
1709521211.879354,0
1709521211.934935,0
1709521211.953722,0
1709521211.983876,0
1709521212.062971,0
1709521212.083045,0
1709521212.147533,0
1709521212.169248,0
1709521212.197501,0
1709521212.238463,0
1709521212.265793,0
1709521212.292089,0
1709521212.328765,0
1709521212.370927,0
1709521212.428342,0
1709521212.454484,0
1709521212.489814,0
1709521212.512259,0
1709521212.572877,0
1709521212.595386,0
1709521212.616616,0
1709521212.643550,0
1709521212.668128,0
1709521212.689750,0
1709521212.715944,0
1709521212.784099,0
1709521212.813569,0
1709521212.860109,0
1709521212.880805,0
1709521212.913583,0
1709521212.935633,0
1709521212.965238,0
1709521213.010340,0
1709521213.036251,0
1709521213.077899,0
1709521213.103016,0
1709521213.175237,0
1709521213.211978,0
1709521213.244328,0
1709521213.293396,0
1709521213.315619,0
1709521213.365660,0
1709521213.406362,0
1709521213.438970,0
1709521213.466200,0
1709521213.526501,0
1709521213.566983,0
1709521213.597219,0
1709521213.620513,0
1709521213.649014,0
1709521213.671908,0
1709521213.694782,0
1709521213.734282,0
1709521213.761263,0
1709521213.804039,0
1709521213.826622,0
1709521213.854549,0
1709521213.875026,0
1709521213.945107,0
1709521214.018427,0
1709521214.040905,0
1709521214.060634,0
1709521214.090218,0
1709521214.125313,0
1709521214.170971,0
1709521214.219121,0
1709521214.243994,0
1709521214.266748,0
1709521214.286280,0
1709521214.335425,0
1709521214.363682,0
1709521214.425418,0
1709521214.468587,0
1709521214.493433,0
1709521214.517071,0
1709521214.578262,0
1709521214.608069,0
1709521214.636424,0
1709521214.694303,0
1709521214.748799,0
1709521214.771035,0
1709521214.849662,0
1709521214.878607,0
1709521214.925252,0
1709521214.961529,0
1709521214.983602,0
1709521215.014639,0
1709521215.050762,0
1709521215.079016,0
1709521215.137602,0
1709521215.193424,0
1709521215.225144,0
1709521215.249005,0
1709521215.313014,0
1709521215.403434,0
1709521215.433308,0
1709521215.469661,0
1709521215.529284,0
1709521215.550186,0
1709521215.607019,0
1709521215.627785,0
1709521215.656340,0
1709521215.723945,0
1709521215.746979,0
1709521215.788362,0
1709521215.825408,0
1709521215.852897,0
1709521215.876720,0
1709521215.926531,0
1709521215.947618,0
1709521215.983486,0
1709521216.032546,0
1709521216.065612,0
1709521216.121611,0
1709521216.147517,0
1709521216.219411,0
1709521216.238674,0
1709521216.260266,0
1709521216.305481,0
1709521216.338299,0
1709521216.380124,0
1709521216.436984,0
1709521216.464350,0
1709521216.485808,0
1709521216.527797,0
1709521216.554193,0
1709521216.595809,0
1709521216.638110,0
1709521216.658396,0
1709521216.695144,0
1709521216.736091,0
1709521216.765742,0
1709521216.793110,0
1709521216.821465,0
1709521216.844910,0
1709521216.867213,0
1709521216.896575,0
1709521216.948792,0
1709521216.984844,0
1709521217.019707,0
1709521217.047165,0
1709521217.087434,0
1709521217.111170,0
1709521217.171964,0
1709521217.211455,0
1709521217.232067,0
1709521217.253691,0
1709521217.297319,0
1709521217.380421,0
1709521217.401272,0
1709521217.483920,0
1709521217.514083,0
1709521217.540413,0
1709521217.562577,0
1709521217.625758,0
1709521217.684364,0
1709521217.715216,0
1709521217.751741,0
1709521217.791973,0
1709521217.829301,0
1709521217.860455,0
1709521217.916481,0
1709521217.943263,0
1709521217.967283,0
1709521218.035128,0
1709521218.058094,0
1709521218.093322,0
1709521218.128850,0
1709521218.163786,0
1709521218.196718,0
1709521218.235200,0
1709521218.258775,0
1709521218.279407,0
1709521218.303222,0
1709521218.329400,0
1709521218.361203,0
1709521218.413718,0
1709521218.440007,0
1709521218.461636,0
1709521218.483933,0
1709521218.509073,0
1709521218.565607,0
1709521218.591506,0
1709521218.630073,0
1709521218.652281,0
1709521218.673137,0
1709521218.700981,0
1709521218.726253,0
1709521218.751354,0
1709521218.780811,0
1709521218.847681,0
1709521218.890337,0
1709521218.915865,0
1709521218.945230,0
1709521218.995967,0
1709521219.041820,0
1709521219.068698,0
1709521219.086023,0
1709521219.113443,0
1709521219.165174,0
1709521219.195557,0
1709521219.233938,0
1709521219.263689,0
1709521219.291616,0
1709521219.315307,0
1709521219.335670,0
1709521219.361658,0
1709521219.396456,0
1709521219.417423,0
1709521219.471280,0
1709521219.502726,0
1709521219.531620,0
1709521219.552412,0
1709521219.576875,0
1709521219.626569,0
1709521219.647355,0
1709521219.671204,0
1709521219.704992,0
1709521219.727378,0
1709521219.765160,0
1709521219.785715,0
1709521219.849811,0
1709521219.902410,0
1709521219.924307,0
1709521219.944417,0
1709521219.964127,0
1709521220.014851,0
1709521220.067600,0
1709521220.096575,0
1709521220.117530,0
1709521220.139821,0
1709521220.190776,0
1709521220.213097,0
1709521220.265936,0
1709521220.297875,0
1709521220.320218,0
1709521220.345086,0
1709521220.366778,0
1709521220.387025,0
1709521220.426579,0
1709521220.474066,0
1709521220.496501,0
1709521220.520674,0
1709521220.543189,0
1709521220.599311,0
1709521220.629893,0
1709521220.657430,0
1709521220.716595,0
1709521220.739111,0
1709521220.761325,0
1709521220.815522,0
1709521220.847601,0
1709521220.872149,0
1709521220.935573,0
1709521220.963161,0
1709521220.991156,0
1709521221.038021,0
1709521221.057380,0
1709521221.137238,0
1709521221.164937,0
1709521221.195652,0
1709521221.275594,0
1709521221.303194,0
1709521221.350131,0
1709521221.370596,0
1709521221.426858,0
1709521221.475945,0
1709521221.520537,0
1709521221.547350,0
1709521221.585224,0
1709521221.607869,0
1709521221.654947,0
1709521221.679980,0
1709521221.699872,0
1709521221.766754,0
1709521221.786094,0
1709521221.817333,0
