1709520155.007515,0
1709520155.038306,3
1709520155.084089,13
1709520155.108292,25
1709520155.137017,31
1709520155.168106,37
1709520155.200525,45
1709520155.229083,56
1709520155.306956,71
1709520155.421010,100
1709520155.458654,100
1709520155.493623,99
1709520155.522971,100
1709520155.628832,100
1709520155.670204,100
1709520155.753083,97
1709520155.781746,99
1709520155.812635,99
1709520155.866136,96
1709520155.956984,97
1709520155.984652,99
1709520156.046635,98
1709520156.082979,98
1709520156.111282,99
1709520156.148134,97
1709520156.242285,100
1709520156.299479,94
1709520156.343393,99
1709520156.369187,98
1709520156.423041,98
1709520156.463377,97
1709520156.498257,99
1709520156.530567,99
1709520156.590876,98
1709520156.652715,95
1709520156.711066,99
1709520156.746353,97
1709520156.771537,98
1709520156.797359,100
1709520156.827533,100
1709520156.855790,98
1709520156.880200,99
1709520156.957144,92
1709520156.979197,98
1709520157.044127,91
1709520157.070295,99
1709520157.099223,99
1709520157.124125,100
1709520157.194478,99
1709520157.224986,99
1709520157.272584,92
1709520157.313811,97
1709520157.341595,99
1709520157.377511,99
1709520157.417763,100
1709520157.491139,99
1709520157.517015,96
1709520157.542677,88
1709520157.573724,78
1709520157.637025,73
1709520157.672498,72
1709520157.729272,71
1709520157.777032,72
1709520157.805016,70
1709520157.838658,69
1709520157.896425,69
1709520157.920094,71
1709520157.953338,70
1709520157.991769,67
1709520158.021029,59
1709520158.091382,59
1709520158.118549,58
1709520158.144937,58
1709520158.174695,55
1709520158.201703,55
1709520158.258108,49
1709520158.346242,50
1709520158.372379,50
1709520158.397586,48
1709520158.460725,48
1709520158.497473,51
1709520158.582822,52
1709520158.663569,49
1709520158.699951,49
1709520158.773636,45
1709520158.879309,45
1709520158.929854,49
1709520159.002209,46
1709520159.076128,44
1709520159.097759,49
1709520159.147451,48
1709520159.178690,47
1709520159.203745,47
1709520159.228992,46
1709520159.335342,47
1709520159.363485,46
1709520159.389014,47
1709520159.422248,47
1709520159.465418,46
1709520159.486301,47
1709520159.540718,44
1709520159.565430,46
1709520159.586391,48
1709520159.645518,47
1709520159.672293,50
1709520159.697086,49
1709520159.762310,50
1709520159.783395,47
1709520159.822899,47
1709520159.861540,48
1709520159.884231,49
1709520159.912328,49
1709520159.983207,42
1709520160.046129,49
1709520160.073175,49
1709520160.119462,49
1709520160.177911,49
1709520160.214049,49
1709520160.236146,48
1709520160.253914,48
1709520160.274576,49
1709520160.303893,49
1709520160.329440,47
1709520160.383708,50
1709520160.411307,48
1709520160.436736,49
1709520160.462233,49
1709520160.507772,47
1709520160.528137,49
1709520160.578716,49
1709520160.609016,49
1709520160.641518,50
1709520160.680266,50
1709520160.742871,48
1709520160.798629,47
1709520160.823915,50
1709520160.852085,49
1709520160.879343,47
1709520160.899518,48
1709520160.944537,47
1709520160.991247,50
1709520161.021953,49
1709520161.062722,47
1709520161.086817,49
1709520161.108136,51
1709520161.150967,49
1709520161.174385,51
1709520161.207236,51
1709520161.232732,52
1709520161.264568,53
1709520161.289213,53
1709520161.311759,51
1709520161.369497,53
1709520161.393033,54
1709520161.422509,54
1709520161.452849,52
1709520161.499869,49
1709520161.566683,47
1709520161.595716,52
1709520161.624714,51
1709520161.683542,51
1709520161.709300,52
1709520161.731266,53
1709520161.774189,51
1709520161.812377,52
1709520161.834848,52
1709520161.854923,53
1709520161.886688,50
1709520161.932613,51
1709520161.956991,51
1709520162.023304,50
1709520162.060492,52
1709520162.096760,50
1709520162.144664,52
1709520162.175891,51
1709520162.195551,51
1709520162.256159,51
1709520162.286228,53
1709520162.310643,55
1709520162.330940,53
1709520162.351684,52
1709520162.399732,54
1709520162.426589,53
1709520162.478083,52
1709520162.572616,54
1709520162.593949,53
1709520162.620929,54
1709520162.651531,54
1709520162.681130,55
1709520162.718585,53
1709520162.742199,54
1709520162.795591,54
1709520162.816832,54
1709520162.877071,53
1709520162.897731,55
1709520162.936128,55
1709520162.958099,55
1709520163.002409,51
1709520163.039338,54
1709520163.080421,55
1709520163.119255,55
1709520163.142174,56
1709520163.217502,55
1709520163.241313,55
1709520163.266245,56
1709520163.291143,57
1709520163.365175,53
1709520163.384997,55
1709520163.432687,56
1709520163.481097,53
1709520163.503067,57
1709520163.532463,56
1709520163.583336,56
1709520163.602224,56
1709520163.637810,55
1709520163.661667,56
1709520163.710345,56
1709520163.732980,56
1709520163.812392,56
1709520163.837084,57
1709520163.862424,57
1709520163.885283,56
1709520163.947891,50
1709520163.970572,56
1709520163.990531,56
1709520164.045478,57
1709520164.092347,57
1709520164.110988,58
1709520164.137076,59
1709520164.190070,57
1709520164.225607,57
1709520164.282613,59
1709520164.305744,59
1709520164.328703,58
1709520164.353257,61
1709520164.376237,60
1709520164.396551,59
1709520164.442580,60
1709520164.498867,58
1709520164.526765,58
1709520164.545691,61
1709520164.592555,56
1709520164.629005,59
1709520164.680107,59
1709520164.713944,59
1709520164.757156,57
1709520164.823091,57
1709520164.845068,59
1709520164.887739,61
1709520164.937706,55
1709520164.973382,60
1709520165.018801,60
1709520165.054989,60
1709520165.079202,61
1709520165.111782,58
1709520165.167930,57
1709520165.196801,61
1709520165.219920,60
1709520165.275935,59
1709520165.298377,60
1709520165.327585,60
1709520165.351408,60
1709520165.382382,58
1709520165.464267,59
1709520165.501788,60
1709520165.522243,62
1709520165.546371,61
1709520165.572166,62
1709520165.627639,63
1709520165.658374,62
1709520165.706815,58
1709520165.732626,62
1709520165.755994,63
1709520165.782876,62
1709520165.817903,63
1709520165.856797,63
1709520165.883226,63
1709520165.929090,61
1709520165.965632,64
1709520166.003290,60
1709520166.024579,64
1709520166.045747,64
1709520166.067015,64
1709520166.083902,63
1709520166.125065,63
1709520166.152014,62
1709520166.171849,63
1709520166.204934,63
1709520166.235076,63
1709520166.271581,63
1709520166.299966,64
1709520166.321964,63
1709520166.346429,64
1709520166.368035,64
1709520166.395224,64
1709520166.444758,63
1709520166.480457,62
1709520166.504388,63
1709520166.534108,62
1709520166.582995,62
1709520166.622308,62
1709520166.644075,64
1709520166.706924,62
1709520166.738145,62
1709520166.764060,65
1709520166.792585,63
1709520166.863671,63
1709520166.924402,58
1709520166.952388,64
1709520166.981997,64
1709520167.042727,60
1709520167.065079,64
1709520167.103523,64
1709520167.150325,64
1709520167.171355,64
1709520167.220911,62
1709520167.245462,64
1709520167.270711,64
1709520167.308680,64
1709520167.333457,64
1709520167.356509,63
1709520167.424873,62
1709520167.477068,64
1709520167.555956,59
1709520167.581638,65
1709520167.605128,65
1709520167.625380,65
1709520167.648204,63
1709520167.685189,66
1709520167.707496,65
1709520167.735370,63
1709520167.816069,60
1709520167.886034,66
1709520167.959289,66
1709520167.978361,66
1709520168.023404,65
1709520168.068687,65
1709520168.122667,64
1709520168.149860,66
1709520168.176351,65
1709520168.225260,65
1709520168.270171,64
1709520168.314062,62
1709520168.346522,65
1709520168.382537,65
1709520168.415953,66
1709520168.469926,61
1709520168.489904,66
1709520168.511257,66
1709520168.564709,62
1709520168.584270,65
1709520168.606550,65
1709520168.632406,66
1709520168.653580,67
1709520168.682229,65
1709520168.724534,65
1709520168.761634,67
1709520168.785402,67
1709520168.839409,67
1709520168.860346,68
1709520168.897326,67
1709520168.934492,65
1709520168.971591,67
1709520169.015056,63
1709520169.038373,66
1709520169.082741,67
1709520169.113775,65
1709520169.178397,65
1709520169.204253,67
1709520169.245227,67
1709520169.268140,68
1709520169.334554,67
1709520169.371477,70
1709520169.398909,69
1709520169.428007,69
1709520169.457463,68
1709520169.481451,69
1709520169.533283,68
1709520169.554908,67
1709520169.579291,69
1709520169.635815,63
1709520169.663437,67
1709520169.686616,70
1709520169.706940,68
1709520169.765051,70
1709520169.786280,70
1709520169.842332,69
1709520169.864130,69
1709520169.884022,68
1709520169.904593,69
1709520169.935668,69
1709520169.983297,66
1709520170.008478,70
1709520170.062663,68
1709520170.097165,70
1709520170.157537,63
1709520170.220181,68
1709520170.241762,70
1709520170.291474,66
1709520170.317668,71
1709520170.387125,71
1709520170.406727,70
1709520170.476076,70
1709520170.536084,69
1709520170.590486,69
1709520170.615971,70
1709520170.636767,71
1709520170.672561,71
1709520170.692988,71
1709520170.739633,71
1709520170.761095,70
1709520170.794904,69
1709520170.819013,72
1709520170.841654,70
1709520170.864069,70
1709520170.883858,71
1709520170.906832,73
1709520170.925922,72
1709520170.964582,71
1709520170.989640,71
1709520171.019192,73
1709520171.060398,72
1709520171.098862,70
1709520171.135154,70
1709520171.156102,71
1709520171.183687,70
1709520171.208457,70
1709520171.242109,72
1709520171.267422,71
1709520171.319309,72
1709520171.346649,70
1709520171.372986,70
1709520171.413681,72
1709520171.442843,71
1709520171.464797,70
1709520171.524186,71
1709520171.549946,73
1709520171.572472,72
1709520171.593297,71
1709520171.616791,72
1709520171.637529,72
1709520171.684746,67
1709520171.712260,72
1709520171.743533,73
1709520171.798100,68
1709520171.819971,71
1709520171.844749,72
1709520171.872704,74
1709520171.915523,71
1709520171.964841,73
1709520171.993648,73
1709520172.082150,70
1709520172.102355,73
1709520172.129035,73
1709520172.150929,73
1709520172.174594,74
1709520172.201121,73
1709520172.221569,73
1709520172.272473,74
1709520172.297778,72
1709520172.317381,73
1709520172.366356,68
1709520172.390440,73
1709520172.414039,73
1709520172.442467,74
1709520172.495035,71
1709520172.523211,73
1709520172.546997,74
1709520172.572572,75
1709520172.606406,73
1709520172.632155,73
1709520172.673049,74
1709520172.696924,75
1709520172.717998,74
1709520172.748118,74
1709520172.796411,73
1709520172.819941,74
1709520172.849269,73
1709520172.898051,69
1709520172.961298,74
1709520172.985301,75
1709520173.031150,71
1709520173.093798,71
1709520173.122978,75
1709520173.160721,75
1709520173.199297,75
1709520173.219504,75
1709520173.238852,74
1709520173.300725,71
1709520173.325143,74
1709520173.381327,72
1709520173.449499,71
1709520173.480901,74
1709520173.511773,75
1709520173.530734,76
1709520173.553570,75
1709520173.611334,76
1709520173.634502,75
1709520173.695382,73
1709520173.743684,69
1709520173.781250,76
1709520173.826606,78
1709520173.887418,74
1709520173.913072,77
1709520173.965941,72
1709520174.012406,77
1709520174.043982,77
1709520174.072927,78
1709520174.097373,75
1709520174.144871,73
1709520174.167587,76
1709520174.218803,76
1709520174.251026,77
1709520174.289193,75
1709520174.319433,77
1709520174.340307,78
1709520174.373752,76
1709520174.434934,76
1709520174.456629,77
1709520174.480474,77
1709520174.516618,76
1709520174.536697,77
1709520174.559683,76
1709520174.587351,78
1709520174.607325,77
1709520174.664812,75
1709520174.699650,77
1709520174.756501,78
1709520174.787673,78
1709520174.811455,77
1709520174.865973,79
1709520174.889240,79
1709520174.908247,79
1709520174.967370,80
1709520174.989114,80
1709520175.009324,79
1709520175.053763,76
1709520175.078775,81
1709520175.140833,80
1709520175.166446,80
1709520175.198023,80
1709520175.236896,78
1709520175.269002,80
1709520175.288972,79
1709520175.332558,77
1709520175.353553,80
1709520175.378487,80
1709520175.405434,79
1709520175.452809,79
1709520175.515442,75
1709520175.543160,78
1709520175.569521,79
1709520175.592620,78
1709520175.650522,77
1709520175.688868,75
1709520175.716389,74
1709520175.745294,80
1709520175.770007,79
1709520175.809719,78
1709520175.834606,74
1709520175.856954,79
1709520175.906715,76
1709520175.937124,79
1709520175.959847,79
1709520175.995765,78
1709520176.035525,80
1709520176.055960,79
1709520176.109349,75
1709520176.136059,80
1709520176.163908,80
1709520176.193156,80
1709520176.216666,83
1709520176.242536,81
1709520176.271784,80
1709520176.316996,77
1709520176.351271,82
1709520176.401737,81
1709520176.421128,82
1709520176.466075,80
1709520176.501789,80
1709520176.526217,81
1709520176.549601,80
1709520176.578730,81
1709520176.602179,81
1709520176.648645,81
1709520176.669337,82
1709520176.701313,82
1709520176.749255,82
1709520176.777419,83
1709520176.801185,81
1709520176.835951,80
1709520176.884593,78
1709520176.934165,81
1709520176.968956,82
1709520177.010781,80
1709520177.067410,83
1709520177.091163,82
1709520177.116571,83
1709520177.157149,80
1709520177.207884,82
1709520177.239459,81
1709520177.259412,81
1709520177.279628,83
1709520177.299369,83
1709520177.319355,82
1709520177.344942,82
1709520177.387795,83
1709520177.406389,84
1709520177.433337,83
1709520177.465422,83
1709520177.515621,81
1709520177.545680,82
1709520177.567724,83
1709520177.619063,80
1709520177.672651,81
1709520177.692876,83
1709520177.715766,84
1709520177.781995,80
1709520177.803490,84
1709520177.837870,81
1709520177.874375,81
1709520177.914826,85
1709520177.967296,83
1709520178.018979,83
1709520178.043822,85
1709520178.067603,83
1709520178.086654,83
1709520178.106854,85
1709520178.150134,84
1709520178.204211,85
1709520178.228598,85
1709520178.249567,83
1709520178.283474,83
1709520178.304863,83
1709520178.327864,83
1709520178.397980,84
1709520178.440969,83
1709520178.468417,83
1709520178.527772,81
1709520178.560297,81
1709520178.584075,84
1709520178.615016,83
1709520178.655181,83
1709520178.684196,83
1709520178.709606,85
1709520178.757663,84
1709520178.781674,84
1709520178.807023,84
1709520178.827949,85
1709520178.854510,85
1709520178.877501,84
1709520178.897259,86
1709520178.919316,86
1709520178.970404,85
1709520178.996209,85
1709520179.038716,86
1709520179.061553,86
1709520179.086518,83
1709520179.108549,84
1709520179.167888,82
1709520179.215247,79
1709520179.249357,85
1709520179.275216,84
1709520179.320338,83
1709520179.342001,84
1709520179.381935,84
1709520179.407267,85
1709520179.441061,82
1709520179.479927,86
1709520179.500114,84
1709520179.527936,83
1709520179.565960,84
1709520179.612735,84
1709520179.636400,85
1709520179.667378,86
1709520179.693321,85
1709520179.753554,85
1709520179.776988,87
1709520179.822157,86
1709520179.847877,86
1709520179.894357,82
1709520179.918263,84
1709520179.944400,86
1709520179.999180,85
1709520180.030444,88
1709520180.094121,83
1709520180.137722,86
1709520180.162996,86
1709520180.207673,87
1709520180.234741,87
1709520180.260787,87
1709520180.287124,87
1709520180.340598,84
1709520180.396675,90
1709520180.420029,90
1709520180.514472,85
1709520180.535274,88
1709520180.556017,89
1709520180.585758,88
1709520180.648811,90
1709520180.708980,86
1709520180.730611,88
1709520180.759811,87
1709520180.796829,87
1709520180.836514,87
1709520180.861510,87
1709520180.898987,87
1709520180.933332,87
1709520180.977108,87
1709520181.019601,85
1709520181.040840,87
1709520181.072273,88
1709520181.104002,89
1709520181.152634,87
1709520181.176967,89
1709520181.211041,89
1709520181.233360,89
1709520181.267008,89
1709520181.292849,88
1709520181.319110,88
1709520181.382543,85
1709520181.417284,89
1709520181.460049,85
1709520181.478840,87
1709520181.499801,87
1709520181.532399,88
1709520181.582237,85
1709520181.606883,88
1709520181.643278,88
1709520181.665375,87
1709520181.720097,88
1709520181.745111,89
1709520181.788443,90
1709520181.808400,88
1709520181.839355,89
1709520181.904074,89
1709520181.939910,89
1709520181.960397,89
1709520181.995390,87
1709520182.016876,89
1709520182.037471,88
1709520182.069243,89
1709520182.108283,88
1709520182.128754,90
1709520182.175611,85
1709520182.208222,88
1709520182.236058,91
1709520182.264444,91
1709520182.285710,89
1709520182.345607,89
1709520182.366562,90
1709520182.403094,92
1709520182.434614,90
1709520182.490490,90
1709520182.513303,89
1709520182.539228,91
1709520182.569941,90
1709520182.609784,89
1709520182.634467,91
1709520182.693300,86
1709520182.719132,90
1709520182.753940,92
1709520182.775687,91
1709520182.797030,91
1709520182.820601,91
1709520182.869049,91
1709520182.892392,90
1709520182.912848,91
1709520182.972496,91
1709520182.995003,90
1709520183.022032,91
1709520183.049106,92
1709520183.069811,92
1709520183.103698,90
1709520183.132698,92
1709520183.153723,92
1709520183.201929,92
1709520183.229957,92
1709520183.272043,91
1709520183.302668,92
1709520183.350557,88
1709520183.371604,92
1709520183.452353,90
1709520183.493136,90
1709520183.513714,93
1709520183.592287,93
1709520183.618539,93
1709520183.649550,92
1709520183.674022,91
1709520183.702791,92
1709520183.730237,91
1709520183.769028,89
1709520183.843655,89
1709520183.869057,92
1709520183.887998,91
1709520183.910794,92
1709520183.938915,91
1709520183.964051,91
1709520184.018858,93
1709520184.058701,92
1709520184.086907,92
1709520184.112961,93
1709520184.134351,91
1709520184.193364,90
1709520184.216508,94
1709520184.260868,89
1709520184.300280,91
1709520184.336512,94
1709520184.388147,93
1709520184.435260,86
1709520184.465221,93
1709520184.503415,93
1709520184.526554,92
1709520184.546379,93
1709520184.567237,93
1709520184.605763,92
1709520184.631869,93
1709520184.652070,93
1709520184.687878,93
1709520184.739967,92
1709520184.797218,93
1709520184.824491,93
1709520184.862153,94
1709520184.902998,92
1709520184.944236,93
1709520184.998075,92
1709520185.035212,94
1709520185.056287,94
1709520185.122977,91
1709520185.148790,93
1709520185.189211,95
1709520185.227178,94
1709520185.250463,95
1709520185.273372,97
1709520185.321500,94
1709520185.346927,96
1709520185.377536,96
1709520185.416471,92
1709520185.433533,96
1709520185.473916,94
1709520185.506120,95
1709520185.531700,94
1709520185.568496,94
1709520185.641603,97
1709520185.671553,96
1709520185.732185,96
1709520185.791959,96
1709520185.813695,97
1709520185.834366,97
1709520185.865479,94
1709520185.887719,96
1709520185.929039,93
1709520185.949378,94
1709520185.973461,94
1709520186.023169,95
1709520186.045619,95
1709520186.073625,94
1709520186.113921,95
1709520186.145904,95
1709520186.172803,95
1709520186.225256,95
1709520186.262870,94
1709520186.294380,93
1709520186.329681,94
1709520186.372370,93
1709520186.394865,95
1709520186.420344,96
1709520186.444676,97
1709520186.463997,95
1709520186.507345,97
1709520186.543099,97
1709520186.590159,92
1709520186.612148,95
1709520186.634241,96
1709520186.659226,97
1709520186.680088,95
1709520186.707134,96
1709520186.754821,94
1709520186.783260,95
1709520186.819004,97
1709520186.861298,94
1709520186.910953,96
1709520186.931344,97
1709520186.969593,93
1709520187.015592,96
1709520187.054836,94
1709520187.074867,96
1709520187.109273,95
1709520187.145775,93
1709520187.173369,97
1709520187.205535,97
1709520187.231681,98
1709520187.257113,98
1709520187.290247,94
1709520187.312411,96
1709520187.334165,97
1709520187.393998,94
1709520187.415745,97
1709520187.466915,98
1709520187.505033,97
1709520187.530821,97
1709520187.553942,97
1709520187.612060,97
1709520187.640267,98
1709520187.662349,96
1709520187.699896,97
1709520187.728062,97
1709520187.762637,98
1709520187.796155,98
1709520187.836606,98
1709520187.858992,97
1709520187.908997,94
1709520187.954422,97
1709520187.976920,99
1709520188.034530,94
1709520188.063437,100
1709520188.084531,100
1709520188.111318,99
1709520188.133940,98
1709520188.213825,95
1709520188.234830,97
1709520188.261733,100
1709520188.317834,99
1709520188.383392,100
1709520188.406919,100
1709520188.430571,99
1709520188.459342,98
1709520188.499053,99
1709520188.527246,100
1709520188.571234,97
1709520188.592053,98
1709520188.631804,98
1709520188.653840,96
1709520188.704745,97
1709520188.762679,97
1709520188.784944,96
1709520188.809939,99
1709520188.848121,95
1709520188.881456,96
1709520188.913777,96
1709520188.952269,96
1709520189.007043,95
1709520189.027087,94
1709520189.071459,90
1709520189.092551,89
1709520189.116379,92
1709520189.163290,90
1709520189.188526,87
1709520189.230602,79
1709520189.259436,85
1709520189.332996,73
1709520189.379546,66
1709520189.404233,65
1709520189.426266,61
1709520189.457098,57
1709520189.486931,54
1709520189.532004,53
1709520189.559825,53
1709520189.579668,53
1709520189.629850,49
1709520189.681722,51
1709520189.701582,51
1709520189.723915,49
1709520189.760703,50
1709520189.799780,50
1709520189.827456,50
1709520189.876940,46
1709520189.926210,50
1709520189.947627,49
1709520189.974753,51
1709520190.015265,48
1709520190.042928,50
1709520190.063455,49
1709520190.112433,51
1709520190.156279,47
1709520190.176943,52
1709520190.207959,52
1709520190.274115,51
1709520190.303087,51
1709520190.326369,53
1709520190.352182,52
1709520190.389628,48
1709520190.414444,52
1709520190.436163,53
1709520190.498573,50
1709520190.517480,53
1709520190.561063,52
1709520190.611227,49
1709520190.630447,53
1709520190.653236,52
1709520190.695356,51
1709520190.714790,53
1709520190.762339,53
1709520190.785240,51
1709520190.817178,53
1709520190.840829,53
1709520190.883218,48
1709520190.944510,53
1709520190.994338,49
1709520191.052734,50
1709520191.080234,54
1709520191.098614,54
1709520191.150205,53
1709520191.176578,55
1709520191.213317,54
1709520191.238166,52
1709520191.260213,53
1709520191.284145,55
1709520191.313855,53
1709520191.381985,54
1709520191.416660,53
1709520191.442804,54
1709520191.467000,54
1709520191.490539,53
1709520191.512956,54
1709520191.542987,55
1709520191.561493,54
1709520191.584116,56
1709520191.620510,55
1709520191.642648,54
1709520191.679076,52
1709520191.732601,53
1709520191.802979,53
1709520191.840068,55
1709520191.865101,56
1709520191.887774,55
1709520191.913649,56
1709520191.965486,52
1709520192.003226,55
1709520192.041560,55
1709520192.062948,57
1709520192.089738,56
1709520192.121315,55
1709520192.171553,55
1709520192.196136,55
1709520192.236333,55
1709520192.259465,57
1709520192.284086,56
1709520192.328368,52
1709520192.355136,57
1709520192.374555,57
1709520192.444449,51
1709520192.474741,56
1709520192.493968,56
1709520192.530803,57
1709520192.553710,56
1709520192.602209,55
1709520192.629475,57
1709520192.674631,56
1709520192.708263,58
1709520192.732363,57
1709520192.757420,57
1709520192.783498,57
1709520192.833702,57
1709520192.857164,56
1709520192.915029,50
1709520192.937523,57
1709520192.960932,58
1709520193.019955,57
1709520193.067548,55
1709520193.098411,59
1709520193.136529,57
1709520193.167931,59
1709520193.196718,59
1709520193.223452,60
1709520193.272811,54
1709520193.300785,59
1709520193.363123,59
1709520193.391097,59
1709520193.437016,57
1709520193.485740,59
1709520193.524009,60
1709520193.561255,58
1709520193.602724,56
1709520193.639633,61
1709520193.672519,61
1709520193.694297,61
1709520193.715669,59
1709520193.740381,61
1709520193.815064,57
1709520193.839006,59
1709520193.892793,60
1709520193.917073,61
1709520193.963161,60
1709520194.028130,56
1709520194.050051,60
1709520194.072457,59
1709520194.112004,62
1709520194.163840,56
1709520194.193215,61
1709520194.252805,60
1709520194.280553,60
1709520194.307644,62
1709520194.367190,61
1709520194.389211,60
1709520194.434730,61
1709520194.469754,60
1709520194.491954,60
1709520194.513685,61
1709520194.551172,61
1709520194.587918,61
1709520194.608552,62
1709520194.670832,63
1709520194.696011,63
1709520194.729763,62
1709520194.752534,63
1709520194.814276,59
1709520194.834308,61
1709520194.857249,63
1709520194.881604,63
1709520194.939087,59
1709520194.995587,58
1709520195.016608,64
1709520195.063326,63
1709520195.098345,62
1709520195.120273,63
1709520195.149285,64
1709520195.183208,63
1709520195.212418,63
1709520195.271475,64
1709520195.297383,66
1709520195.317949,63
1709520195.375007,63
1709520195.399093,65
1709520195.423108,64
1709520195.444407,62
1709520195.498152,63
1709520195.555395,58
1709520195.623932,59
1709520195.650936,65
1709520195.688233,63
1709520195.742190,64
1709520195.764108,63
1709520195.801255,60
1709520195.846367,63
1709520195.897414,66
1709520195.961727,62
1709520196.003170,65
1709520196.060177,65
1709520196.099668,62
1709520196.126945,64
1709520196.160750,63
1709520196.188456,64
1709520196.248253,64
1709520196.283865,65
1709520196.346346,61
1709520196.365489,64
1709520196.414397,65
1709520196.444188,66
1709520196.486359,66
1709520196.512620,66
1709520196.538342,66
1709520196.561149,65
1709520196.605380,66
1709520196.637713,66
1709520196.657949,63
1709520196.681338,66
1709520196.701937,65
1709520196.726893,65
1709520196.790970,66
1709520196.832556,62
1709520196.868145,66
1709520196.899114,66
1709520196.920920,67
1709520196.967199,67
1709520197.006835,62
1709520197.052212,67
1709520197.097948,66
1709520197.136829,67
1709520197.165512,66
1709520197.208270,64
1709520197.240478,68
1709520197.271501,66
1709520197.295862,67
1709520197.343028,63
1709520197.364489,67
1709520197.384779,65
1709520197.435254,67
1709520197.462481,66
1709520197.491495,66
1709520197.518458,65
1709520197.546584,69
1709520197.567004,69
1709520197.598439,67
1709520197.627347,66
1709520197.647295,67
1709520197.689440,66
1709520197.710562,68
1709520197.757194,67
1709520197.797085,68
1709520197.819543,67
1709520197.847554,69
1709520197.908179,65
1709520197.931838,68
1709520198.002612,66
1709520198.024693,68
1709520198.043531,68
1709520198.069087,70
1709520198.130777,69
1709520198.181533,64
1709520198.204487,67
1709520198.236965,68
1709520198.268126,70
1709520198.288338,70
1709520198.329961,69
1709520198.353878,67
1709520198.384354,69
1709520198.410892,69
1709520198.464631,69
1709520198.518726,69
1709520198.539892,68
1709520198.566825,68
1709520198.589300,70
1709520198.634387,69
1709520198.662081,69
1709520198.723200,69
1709520198.744510,70
1709520198.778743,70
1709520198.810909,71
1709520198.852366,69
1709520198.871903,71
1709520198.919344,70
1709520198.941005,70
1709520198.991871,67
1709520199.014705,69
1709520199.051605,69
1709520199.081798,70
1709520199.108562,70
1709520199.155532,69
1709520199.189944,70
1709520199.237396,69
1709520199.259130,69
1709520199.301670,72
1709520199.335983,72
1709520199.384940,70
1709520199.404937,72
1709520199.425678,72
1709520199.445806,71
1709520199.472526,70
1709520199.524371,66
1709520199.547146,71
1709520199.588636,70
1709520199.608510,72
1709520199.653979,67
1709520199.692371,71
1709520199.757409,73
1709520199.777287,71
1709520199.807019,71
1709520199.847137,73
1709520199.892422,70
1709520199.949926,72
1709520199.971283,73
1709520199.996519,72
1709520200.035545,73
1709520200.065780,73
1709520200.097788,73
1709520200.139502,73
1709520200.161805,72
1709520200.183285,73
1709520200.213157,71
1709520200.236362,72
1709520200.256043,72
1709520200.317098,72
1709520200.337347,74
1709520200.358778,74
1709520200.386328,73
1709520200.406900,73
1709520200.426711,74
1709520200.487432,73
1709520200.506357,73
1709520200.571155,71
1709520200.595042,73
1709520200.634676,73
1709520200.676789,76
1709520200.736800,76
1709520200.758491,74
1709520200.787281,75
1709520200.817131,74
1709520200.857519,75
1709520200.878892,76
1709520200.901719,75
1709520200.930633,75
1709520200.956091,74
1709520200.983345,74
1709520201.006920,72
1709520201.043236,72
1709520201.078490,74
1709520201.100596,75
1709520201.121033,75
1709520201.172808,76
1709520201.194266,76
1709520201.235995,73
1709520201.268373,75
1709520201.289115,76
1709520201.341005,72
1709520201.384285,74
1709520201.405232,76
1709520201.429008,73
1709520201.495665,72
1709520201.521948,76
1709520201.555111,75
1709520201.598149,72
1709520201.623016,77
1709520201.643211,77
1709520201.670458,75
1709520201.707679,74
1709520201.753867,71
1709520201.774328,75
1709520201.825414,77
1709520201.846678,77
1709520201.886032,76
1709520201.924463,76
1709520201.943697,75
1709520201.965518,75
1709520201.988339,75
1709520202.028512,73
1709520202.075242,75
1709520202.099304,75
1709520202.124376,77
1709520202.186320,72
1709520202.206795,76
1709520202.240276,74
1709520202.271178,76
1709520202.298832,74
1709520202.350331,75
1709520202.372523,78
1709520202.402351,74
1709520202.443099,77
1709520202.473601,76
1709520202.531412,72
1709520202.566762,76
1709520202.603676,76
1709520202.661438,77
1709520202.703438,78
1709520202.728983,77
1709520202.755979,77
1709520202.792280,76
1709520202.826211,77
1709520202.850875,77
1709520202.875232,78
1709520202.931013,76
1709520202.949270,78
1709520202.980633,77
1709520203.025953,73
1709520203.050799,78
1709520203.078354,77
1709520203.100386,77
1709520203.122596,78
1709520203.182585,74
1709520203.207376,77
1709520203.256349,79
1709520203.284158,79
1709520203.341429,72
1709520203.381028,76
1709520203.409533,79
1709520203.435407,79
1709520203.458345,79
1709520203.514900,76
1709520203.542151,78
1709520203.593338,74
1709520203.622495,78
1709520203.663633,80
1709520203.697617,78
1709520203.725970,79
1709520203.765332,78
1709520203.822576,78
1709520203.877491,77
1709520203.908872,80
1709520203.931724,79
1709520203.991936,78
1709520204.016937,79
1709520204.044777,80
1709520204.077253,79
1709520204.135001,79
1709520204.161283,80
1709520204.196372,79
1709520204.242232,80
1709520204.289127,79
1709520204.315360,81
1709520204.382162,79
1709520204.423707,80
1709520204.466551,79
1709520204.512896,80
1709520204.585265,79
1709520204.614469,81
1709520204.643668,81
1709520204.683646,79
1709520204.704864,81
1709520204.727528,80
1709520204.751266,81
1709520204.772866,81
1709520204.808993,79
1709520204.834039,80
1709520204.874305,82
1709520204.918126,79
1709520204.951914,82
1709520205.005651,81
1709520205.038575,80
1709520205.063199,81
1709520205.123269,81
1709520205.148485,82
1709520205.193295,75
1709520205.216101,81
1709520205.243198,82
1709520205.269733,81
1709520205.327190,82
1709520205.369929,79
1709520205.400312,82
1709520205.420324,81
1709520205.441887,81
1709520205.465871,81
1709520205.502079,82
1709520205.533364,80
1709520205.556200,82
1709520205.578680,83
1709520205.612588,83
1709520205.638483,80
1709520205.674157,83
1709520205.720149,82
1709520205.741631,81
1709520205.808160,83
1709520205.830032,82
1709520205.862414,81
1709520205.896984,82
1709520205.920546,82
1709520205.953660,81
1709520205.991120,83
1709520206.011189,82
1709520206.032068,81
1709520206.090676,82
1709520206.116671,84
1709520206.150515,84
1709520206.193844,82
1709520206.217816,82
1709520206.257377,82
1709520206.285644,84
1709520206.307516,83
1709520206.326882,83
1709520206.364991,82
1709520206.385897,82
1709520206.405554,83
1709520206.436502,83
1709520206.476859,85
1709520206.512535,85
1709520206.558513,82
1709520206.584345,84
1709520206.634674,80
1709520206.660668,84
1709520206.686582,85
1709520206.739348,82
1709520206.792187,78
1709520206.819516,85
1709520206.841182,85
1709520206.889761,84
1709520206.926900,83
1709520206.968808,85
1709520206.999717,83
1709520207.032460,85
1709520207.105845,83
1709520207.127849,86
1709520207.151381,85
1709520207.199231,82
1709520207.219788,86
1709520207.242885,86
1709520207.262537,86
1709520207.282574,86
1709520207.308543,85
1709520207.444884,84
1709520207.468170,85
1709520207.486657,87
1709520207.538093,85
1709520207.560342,86
1709520207.615681,82
1709520207.639868,87
1709520207.669445,85
1709520207.689473,86
1709520207.722762,86
1709520207.744308,85
1709520207.782660,86
1709520207.815943,86
1709520207.877322,85
1709520207.908997,85
1709520207.943830,83
1709520207.963717,87
1709520207.986657,85
1709520208.021917,85
1709520208.060102,87
1709520208.108498,84
1709520208.154234,85
1709520208.186966,87
1709520208.207121,86
1709520208.265476,81
1709520208.287777,87
1709520208.313724,85
1709520208.369650,88
1709520208.390117,86
1709520208.423364,85
1709520208.478122,88
1709520208.500490,87
1709520208.534460,88
1709520208.560417,88
1709520208.582371,88
1709520208.617329,84
1709520208.643497,87
1709520208.663978,88
1709520208.686653,86
1709520208.718104,88
1709520208.776799,83
1709520208.811635,86
1709520208.835844,87
1709520208.895941,80
1709520208.956286,83
1709520208.977318,86
1709520209.003556,87
1709520209.034856,87
1709520209.085722,87
1709520209.110963,89
1709520209.161802,88
1709520209.183674,89
1709520209.209383,88
1709520209.261507,86
1709520209.289193,89
1709520209.321981,86
1709520209.350081,89
1709520209.386084,89
1709520209.425273,90
1709520209.465544,89
1709520209.502255,84
1709520209.534739,87
1709520209.563755,88
1709520209.584155,87
1709520209.608085,88
1709520209.695259,88
1709520209.715149,87
1709520209.738316,88
1709520209.775486,89
1709520209.799066,87
1709520209.823865,89
1709520209.864666,89
1709520209.905285,88
1709520209.937113,89
1709520209.965611,88
1709520209.994832,88
1709520210.061259,88
1709520210.102779,84
1709520210.127313,87
1709520210.154272,88
1709520210.175659,88
1709520210.210919,88
1709520210.241739,89
1709520210.261644,90
1709520210.286411,90
1709520210.335466,90
1709520210.355681,91
1709520210.424284,88
1709520210.451896,91
1709520210.471000,92
1709520210.496802,92
1709520210.521316,92
1709520210.564806,92
1709520210.587330,92
1709520210.641560,89
1709520210.661003,90
1709520210.691055,90
1709520210.714643,90
1709520210.764780,90
1709520210.806473,89
1709520210.842449,90
1709520210.876310,89
1709520210.901043,89
1709520210.921353,88
1709520210.951636,90
1709520210.971907,90
1709520210.996271,93
1709520211.016605,92
1709520211.066299,91
1709520211.089695,91
1709520211.110384,93
1709520211.161200,91
1709520211.191002,91
1709520211.293524,91
1709520211.316905,91
1709520211.353021,90
1709520211.426373,86
1709520211.449459,90
1709520211.497029,84
1709520211.533224,91
1709520211.554590,91
1709520211.585852,91
1709520211.647213,86
1709520211.677933,90
1709520211.711930,93
1709520211.730409,90
1709520211.752072,92
1709520211.800000,93
1709520211.830329,94
1709520211.857643,93
1709520211.875536,93
1709520211.898056,91
1709520211.921151,93
1709520211.950417,92
1709520211.989736,93
1709520212.013215,93
1709520212.037361,94
1709520212.064895,91
1709520212.087038,92
1709520212.130945,93
1709520212.154113,92
1709520212.177751,91
1709520212.212746,89
1709520212.243870,91
1709520212.305695,90
1709520212.325626,93
1709520212.357376,93
1709520212.381788,93
1709520212.437582,91
1709520212.458582,94
1709520212.517315,90
1709520212.538907,93
1709520212.557534,94
1709520212.585550,94
1709520212.637847,90
1709520212.668809,92
1709520212.690680,93
1709520212.712150,93
1709520212.742002,93
1709520212.796669,89
1709520212.842619,91
1709520212.874804,94
1709520212.934525,92
1709520212.972197,94
1709520212.999852,95
1709520213.022058,92
1709520213.046557,93
1709520213.092934,95
1709520213.115531,94
1709520213.137040,94
1709520213.181511,94
1709520213.205008,95
1709520213.241957,93
1709520213.268564,92
1709520213.310469,94
1709520213.333611,95
1709520213.398861,94
1709520213.423862,94
1709520213.453882,92
1709520213.500345,93
1709520213.534059,94
1709520213.561550,94
1709520213.593697,94
1709520213.634745,95
1709520213.656250,95
1709520213.685063,92
1709520213.707081,94
1709520213.748223,94
1709520213.774553,95
1709520213.840144,91
1709520213.865916,94
1709520213.920618,92
1709520213.943266,95
1709520213.967358,95
1709520213.988577,95
1709520214.008169,95
1709520214.053033,95
1709520214.091716,95
1709520214.131120,95
1709520214.179758,95
1709520214.210468,96
1709520214.261945,95
1709520214.282557,94
1709520214.309984,95
1709520214.363514,92
1709520214.384677,94
1709520214.433787,96
1709520214.461488,95
1709520214.494223,96
1709520214.515609,97
1709520214.586381,97
1709520214.653594,98
1709520214.682657,96
1709520214.761841,93
1709520214.789587,95
1709520214.831112,97
1709520214.899263,93
1709520214.928587,95
1709520214.956489,97
1709520214.976930,97
1709520215.004059,95
1709520215.058739,94
1709520215.092211,96
1709520215.134983,96
1709520215.158411,96
1709520215.209075,96
1709520215.240808,95
1709520215.292288,96
1709520215.346535,94
1709520215.377590,97
1709520215.397171,97
1709520215.446141,93
1709520215.475629,96
1709520215.530683,98
1709520215.550645,97
1709520215.571947,98
1709520215.594503,98
1709520215.649285,92
1709520215.688430,97
1709520215.734823,95
1709520215.767530,96
1709520215.800317,97
1709520215.836596,98
1709520215.865047,96
1709520215.886406,97
1709520215.908121,95
1709520215.951779,94
1709520215.988795,97
1709520216.031160,96
1709520216.056227,96
1709520216.077850,99
1709520216.110719,98
1709520216.156132,94
1709520216.181095,97
1709520216.242546,94
1709520216.262026,97
1709520216.297935,97
1709520216.321683,97
1709520216.380259,98
1709520216.406093,97
1709520216.459302,96
1709520216.481357,98
1709520216.522946,94
1709520216.560803,98
1709520216.590052,98
1709520216.614909,98
1709520216.670753,100
1709520216.705978,98
1709520216.729946,99
1709520216.781385,97
1709520216.824609,96
1709520216.864246,98
1709520216.883830,99
1709520216.905202,98
1709520216.960982,97
1709520216.981325,98
1709520217.004972,99
1709520217.045501,94
1709520217.069912,100
1709520217.106648,97
1709520217.137036,99
1709520217.203167,98
1709520217.236654,100
1709520217.301659,96
1709520217.332701,100
1709520217.364301,100
1709520217.397908,99
1709520217.425701,98
1709520217.475569,94
1709520217.498748,97
1709520217.525420,97
1709520217.555427,94
1709520217.583422,94
1709520217.603535,93
1709520217.631945,91
1709520217.657021,90
1709520217.700236,86
1709520217.731487,87
1709520217.771066,85
1709520217.800460,85
1709520217.825507,84
1709520217.845294,85
1709520217.870531,83
1709520217.907339,82
1709520217.952914,72
1709520218.000762,72
1709520218.023839,63
1709520218.047337,56
1709520218.075376,53
1709520218.098943,50
1709520218.180130,49
1709520218.204278,50
1709520218.230649,50
1709520218.256640,49
1709520218.305999,47
1709520218.347189,51
1709520218.371033,49
1709520218.394278,50
1709520218.412514,49
1709520218.456859,46
1709520218.491721,47
1709520218.511408,51
1709520218.569035,51
1709520218.599290,49
1709520218.618418,51
1709520218.671051,47
1709520218.691717,50
1709520218.741318,50
1709520218.780068,51
1709520218.801026,50
1709520218.828534,50
1709520218.887052,51
1709520218.916888,50
1709520218.967031,50
1709520219.010459,53
1709520219.058460,50
1709520219.096119,51
1709520219.126351,52
1709520219.182119,53
1709520219.240771,52
1709520219.260059,52
1709520219.281742,53
1709520219.310036,53
1709520219.344983,54
1709520219.368241,53
1709520219.403700,53
1709520219.428262,54
1709520219.448355,53
1709520219.468989,53
1709520219.494903,53
1709520219.535475,54
1709520219.574370,52
1709520219.595171,55
1709520219.662646,55
1709520219.687870,54
1709520219.707907,54
1709520219.735309,53
1709520219.770277,53
1709520219.821281,49
1709520219.843604,53
1709520219.869305,55
1709520219.889987,54
1709520219.910587,53
1709520219.955179,49
1709520220.005644,52
1709520220.029398,54
1709520220.050994,55
1709520220.095312,52
1709520220.136538,52
1709520220.160673,55
1709520220.182372,55
1709520220.248930,52
1709520220.283262,55
1709520220.335694,56
1709520220.380962,54
1709520220.405984,54
1709520220.455065,53
1709520220.500852,56
1709520220.525535,56
1709520220.573442,55
1709520220.598956,54
1709520220.643112,56
1709520220.670169,55
1709520220.707986,52
1709520220.744597,57
1709520220.767324,54
1709520220.812937,54
1709520220.836544,56
1709520220.863772,56
1709520220.889931,56
1709520220.946520,57
1709520221.007654,55
1709520221.040261,56
1709520221.077825,57
1709520221.106783,58
1709520221.131845,57
1709520221.149745,56
1709520221.172884,56
1709520221.191993,57
1709520221.214963,57
1709520221.242502,55
1709520221.277529,57
1709520221.316717,58
1709520221.349354,56
1709520221.371901,57
1709520221.429230,57
1709520221.471801,54
1709520221.503448,56
1709520221.523797,57
1709520221.546620,60
1709520221.576779,60
1709520221.633949,58
1709520221.696200,56
1709520221.717643,59
1709520221.744172,58
1709520221.770626,60
1709520221.794586,59
1709520221.837547,55
1709520221.871032,58
1709520221.944525,59
1709520222.023851,59
1709520222.048709,60
1709520222.096887,61
1709520222.117520,61
1709520222.146513,59
1709520222.172475,61
1709520222.217165,59
1709520222.252403,60
1709520222.300018,52
1709520222.326716,59
1709520222.348392,59
1709520222.377198,59
1709520222.403041,59
1709520222.456041,59
1709520222.477268,60
1709520222.513072,57
1709520222.538547,60
1709520222.560786,61
1709520222.590766,60
1709520222.618838,59
1709520222.676187,59
1709520222.704417,60
1709520222.748252,60
1709520222.793626,60
1709520222.834796,61
1709520222.866248,60
1709520222.930205,61
1709520222.962817,57
1709520222.990402,61
1709520223.024651,61
1709520223.072163,59
1709520223.094139,60
1709520223.117513,61
1709520223.154355,63
1709520223.181952,61
1709520223.217842,61
1709520223.255632,61
1709520223.322656,57
1709520223.350999,62
1709520223.373655,61
1709520223.397143,62
1709520223.445386,59
1709520223.502566,62
1709520223.523304,63
1709520223.563682,63
1709520223.607337,62
1709520223.651401,63
1709520223.675203,62
1709520223.698993,63
1709520223.723140,62
1709520223.780330,64
1709520223.848107,63
1709520223.870161,62
1709520223.891389,64
1709520223.912333,63
1709520223.935549,63
1709520223.969354,63
1709520224.058488,60
1709520224.082903,64
1709520224.151938,63
1709520224.181151,63
1709520224.202054,64
1709520224.252448,63
1709520224.275400,63
1709520224.345227,60
1709520224.365203,64
1709520224.387376,65
1709520224.419198,63
1709520224.471351,55
1709520224.495459,63
1709520224.551951,58
1709520224.575214,65
1709520224.623156,65
1709520224.648170,65
1709520224.696693,66
1709520224.716829,65
1709520224.743507,66
1709520224.780869,67
1709520224.828954,68
1709520224.872148,64
1709520224.896506,66
1709520224.938626,67
1709520224.986694,65
1709520225.019752,65
1709520225.047294,65
1709520225.075803,67
1709520225.098004,67
1709520225.138790,67
1709520225.196557,67
1709520225.225707,66
1709520225.253387,67
1709520225.300417,66
1709520225.333794,67
1709520225.363838,67
1709520225.401811,67
1709520225.461879,68
1709520225.481532,67
1709520225.544029,63
1709520225.564670,68
1709520225.588662,68
1709520225.619192,68
1709520225.651233,68
1709520225.713047,62
1709520225.743170,68
1709520225.769580,67
1709520225.796427,66
1709520225.839520,67
1709520225.863394,68
1709520225.882760,68
1709520225.940797,66
1709520225.975215,68
1709520225.999675,66
1709520226.027421,67
1709520226.062788,68
1709520226.085783,67
1709520226.149698,69
1709520226.169105,66
1709520226.203792,67
1709520226.224481,67
1709520226.300200,63
1709520226.325101,68
1709520226.354308,69
1709520226.410353,69
1709520226.447319,66
1709520226.507898,68
1709520226.534684,69
1709520226.556673,70
1709520226.594397,70
1709520226.643677,65
1709520226.664714,70
1709520226.703675,70
1709520226.757120,68
1709520226.780807,69
1709520226.802191,70
1709520226.821905,69
1709520226.870913,70
1709520226.892124,69
1709520226.927987,69
1709520226.968089,69
1709520226.989397,69
1709520227.015214,67
1709520227.061671,64
1709520227.083406,69
1709520227.119520,65
1709520227.151954,69
1709520227.197056,69
1709520227.245705,67
1709520227.280792,69
1709520227.320060,68
1709520227.376506,70
1709520227.400182,71
1709520227.445843,65
1709520227.470656,68
1709520227.497339,70
1709520227.525565,70
1709520227.547106,69
1709520227.565988,69
1709520227.605548,70
1709520227.666499,69
1709520227.702733,72
1709520227.731152,71
1709520227.757629,69
1709520227.783360,70
1709520227.828312,67
1709520227.918262,70
1709520227.944725,70
1709520228.012872,72
1709520228.068465,65
1709520228.101451,70
1709520228.128025,72
1709520228.188722,70
1709520228.216361,71
1709520228.251943,71
1709520228.273362,73
1709520228.301321,73
1709520228.364053,73
1709520228.387162,73
1709520228.423628,72
1709520228.460903,72
1709520228.499887,73
1709520228.520266,71
1709520228.540543,71
1709520228.593941,70
1709520228.627738,73
1709520228.650382,72
1709520228.686568,72
1709520228.731455,73
1709520228.761328,71
1709520228.784047,73
1709520228.862702,72
1709520228.891776,69
1709520228.928428,73
1709520228.955595,73
1709520229.008353,71
1709520229.045545,73
1709520229.072511,73
1709520229.105840,71
1709520229.170838,69
1709520229.199130,74
1709520229.261792,73
1709520229.314781,69
1709520229.351728,72
1709520229.392268,70
1709520229.417914,71
1709520229.465764,70
1709520229.487203,73
1709520229.510574,75
1709520229.582793,72
1709520229.608714,73
1709520229.640102,75
1709520229.673209,74
1709520229.725406,74
1709520229.785176,73
1709520229.810979,74
1709520229.853219,74
1709520229.915347,75
1709520229.938244,73
1709520229.985981,71
1709520230.029625,74
1709520230.055974,74
1709520230.118309,74
1709520230.155096,73
1709520230.180926,76
1709520230.216959,75
1709520230.240165,76
1709520230.266030,74
1709520230.321419,73
1709520230.352314,74
1709520230.412686,73
1709520230.446526,75
1709520230.484313,74
1709520230.502618,75
1709520230.562989,75
1709520230.615222,77
1709520230.649548,76
1709520230.728531,71
1709520230.776463,72
1709520230.830038,74
1709520230.855616,73
1709520230.878629,78
1709520230.899729,78
1709520230.955800,77
1709520230.988169,76
1709520231.053108,73
1709520231.079581,78
1709520231.113136,77
1709520231.179398,78
1709520231.208161,77
1709520231.267426,77
1709520231.306947,75
1709520231.328567,77
1709520231.393592,77
1709520231.426694,78
1709520231.458705,78
1709520231.497268,75
1709520231.548967,72
1709520231.570091,78
1709520231.610409,78
1709520231.655064,74
1709520231.715186,75
1709520231.738591,78
1709520231.757724,77
1709520231.783342,78
1709520231.865519,79
1709520231.888100,80
1709520231.944173,79
1709520231.992018,75
1709520232.017679,80
1709520232.065765,77
1709520232.092966,79
1709520232.145951,79
1709520232.180775,77
1709520232.201635,79
1709520232.236016,78
1709520232.272301,78
1709520232.325748,75
1709520232.349153,79
1709520232.384173,80
1709520232.415168,78
1709520232.447805,79
1709520232.481025,77
1709520232.518529,80
1709520232.546147,79
1709520232.578217,75
1709520232.607841,79
1709520232.629313,79
1709520232.655124,80
1709520232.700202,79
1709520232.728671,81
1709520232.751133,80
1709520232.805127,78
1709520232.876664,80
1709520232.899213,80
1709520232.919477,80
1709520232.940488,80
1709520232.996841,78
1709520233.022775,80
1709520233.079010,81
1709520233.105672,81
1709520233.130635,80
1709520233.182584,76
1709520233.230086,76
1709520233.252771,80
1709520233.272876,82
1709520233.294848,79
1709520233.329783,80
1709520233.376433,77
1709520233.400518,80
1709520233.425039,81
1709520233.446687,80
1709520233.468607,80
1709520233.516631,81
1709520233.540210,81
1709520233.566800,80
1709520233.587001,80
1709520233.631641,81
1709520233.660550,79
1709520233.688459,79
1709520233.715548,82
1709520233.776184,80
1709520233.829422,77
1709520233.852442,80
1709520233.891094,80
1709520233.911889,82
1709520233.950644,80
1709520233.972285,82
1709520233.993419,80
1709520234.030919,79
1709520234.059704,82
1709520234.094132,81
1709520234.142222,81
1709520234.191216,81
1709520234.212353,81
1709520234.236664,82
1709520234.287568,80
1709520234.320994,82
1709520234.349435,83
1709520234.385957,81
1709520234.415025,83
1709520234.443177,83
1709520234.463984,81
1709520234.506686,79
1709520234.531614,83
1709520234.564870,82
1709520234.621485,83
1709520234.646714,82
1709520234.713230,83
1709520234.736959,83
1709520234.764138,81
1709520234.787754,83
1709520234.832809,79
1709520234.865570,84
1709520234.886964,81
1709520234.916998,81
1709520234.938993,84
1709520234.977369,81
1709520235.011740,82
1709520235.040272,84
1709520235.095426,79
1709520235.153341,81
1709520235.189802,82
1709520235.236014,83
1709520235.273474,80
1709520235.303515,83
1709520235.352919,82
1709520235.382511,84
1709520235.404759,84
1709520235.426033,84
1709520235.456166,83
1709520235.482960,85
1709520235.529247,83
1709520235.549898,85
1709520235.577842,83
1709520235.601783,83
1709520235.631329,84
1709520235.676054,84
1709520235.700042,82
1709520235.732779,84
1709520235.786014,86
1709520235.804621,83
1709520235.855577,82
1709520235.913040,85
1709520235.963138,85
1709520235.985028,86
1709520236.006268,85
1709520236.062658,85
1709520236.086040,86
1709520236.115755,84
1709520236.152418,85
1709520236.174583,84
1709520236.245133,86
1709520236.287444,81
1709520236.308300,85
1709520236.334171,85
1709520236.353889,84
1709520236.375415,86
1709520236.402836,85
1709520236.450767,84
1709520236.496665,80
1709520236.538319,86
1709520236.575750,86
1709520236.599894,85
1709520236.648987,82
1709520236.673444,84
1709520236.724724,81
1709520236.751321,87
1709520236.775605,87
1709520236.799068,87
1709520236.836254,82
1709520236.855535,86
1709520236.889182,86
1709520236.940632,84
1709520236.967532,86
1709520236.989966,86
1709520237.014325,85
1709520237.033961,86
1709520237.082530,84
1709520237.107340,87
1709520237.162102,88
1709520237.192451,88
1709520237.215013,87
1709520237.287288,87
1709520237.307565,86
1709520237.358130,83
1709520237.396711,85
1709520237.418437,87
1709520237.436403,88
1709520237.467463,86
1709520237.489170,88
1709520237.555315,89
1709520237.577616,87
1709520237.638238,88
1709520237.675587,87
1709520237.720664,86
1709520237.744620,87
1709520237.765359,87
1709520237.797355,87
1709520237.831377,87
1709520237.855224,87
1709520237.886622,88
1709520237.939175,88
1709520237.960105,87
1709520237.985699,87
1709520238.023757,84
1709520238.045901,87
1709520238.072455,87
1709520238.095846,89
1709520238.126008,88
1709520238.156932,89
1709520238.193887,87
1709520238.216630,85
1709520238.242971,89
1709520238.266093,88
1709520238.292878,88
1709520238.350740,86
1709520238.412523,83
1709520238.436309,89
1709520238.457279,88
1709520238.509760,87
1709520238.580069,86
1709520238.604064,89
1709520238.625629,89
1709520238.654397,89
1709520238.680818,88
1709520238.726614,86
1709520238.747588,88
1709520238.805464,88
1709520238.828814,89
1709520238.870690,88
1709520238.893270,90
1709520238.916416,88
1709520238.973683,89
1709520238.995514,89
1709520239.037375,86
1709520239.067684,89
1709520239.101053,88
1709520239.172403,84
1709520239.198564,89
1709520239.218832,91
1709520239.263308,88
1709520239.294191,89
1709520239.342178,91
1709520239.364466,88
1709520239.390919,89
1709520239.426424,89
1709520239.473034,89
1709520239.497196,90
1709520239.552285,91
1709520239.587353,90
1709520239.656255,91
1709520239.706853,90
1709520239.744618,89
1709520239.775760,91
1709520239.812791,88
1709520239.858940,88
1709520239.881608,91
1709520239.903639,90
1709520239.923447,91
1709520239.986266,91
1709520240.015183,88
1709520240.035063,91
1709520240.055599,92
1709520240.097024,88
1709520240.159353,85
1709520240.186843,91
1709520240.258601,90
1709520240.310285,87
1709520240.340103,93
1709520240.389524,88
1709520240.428005,92
1709520240.461869,92
1709520240.485454,93
1709520240.510324,92
1709520240.564360,89
1709520240.588783,93
1709520240.609704,92
1709520240.658113,85
1709520240.681118,92
1709520240.699888,92
1709520240.719810,92
1709520240.741298,91
1709520240.770237,91
1709520240.791756,92
1709520240.816392,92
1709520240.882691,91
1709520240.915496,92
1709520240.946664,90
1709520241.011633,91
1709520241.036166,92
1709520241.060626,92
1709520241.098269,91
1709520241.130497,92
1709520241.192408,92
1709520241.218968,93
1709520241.273862,89
1709520241.303255,94
1709520241.340908,92
1709520241.367018,93
1709520241.393445,93
1709520241.439526,93
1709520241.462050,92
1709520241.505194,88
1709520241.528331,94
1709520241.596989,92
1709520241.619556,93
1709520241.640069,91
1709520241.661476,93
1709520241.686236,92
1709520241.742568,90
1709520241.765204,91
1709520241.819655,91
1709520241.854391,94
1709520241.910793,89
1709520241.934484,93
1709520241.957413,94
1709520241.989472,94
1709520242.013207,94
1709520242.066429,91
1709520242.128891,93
1709520242.159118,95
1709520242.182352,95
1709520242.209992,93
1709520242.242353,94
1709520242.267164,94
1709520242.296517,92
1709520242.351434,95
1709520242.401634,95
1709520242.431307,94
1709520242.453552,94
1709520242.504638,91
1709520242.542973,93
1709520242.566631,96
1709520242.591725,94
1709520242.615533,95
1709520242.649573,94
1709520242.688524,96
1709520242.752064,92
1709520242.774309,96
1709520242.841911,96
1709520242.885841,94
1709520242.909989,96
1709520242.931020,95
1709520242.981982,96
1709520243.006839,97
1709520243.032755,93
1709520243.085842,94
1709520243.124465,97
1709520243.145848,97
1709520243.185989,96
1709520243.208057,96
1709520243.239163,95
1709520243.291488,92
1709520243.317818,97
1709520243.365443,91
1709520243.393991,97
1709520243.420619,97
1709520243.440052,98
1709520243.475362,94
1709520243.511895,98
1709520243.531803,96
1709520243.574839,95
1709520243.607872,96
1709520243.646918,93
1709520243.672186,98
1709520243.728802,97
1709520243.751593,96
1709520243.774591,97
1709520243.794316,97
1709520243.818084,98
1709520243.845681,96
1709520243.877676,96
1709520243.930521,95
1709520243.964843,97
1709520244.001400,96
1709520244.021760,96
1709520244.040458,97
1709520244.072461,97
1709520244.128519,95
1709520244.151780,97
1709520244.188080,97
1709520244.223138,98
1709520244.243315,98
1709520244.267503,96
1709520244.347620,92
1709520244.406551,92
1709520244.428058,97
1709520244.450545,97
1709520244.488406,97
1709520244.555812,93
1709520244.584044,96
1709520244.615283,96
1709520244.635458,98
1709520244.671062,98
1709520244.723430,93
1709520244.743055,98
1709520244.760734,96
1709520244.788923,98
1709520244.828240,97
1709520244.852468,98
1709520244.913199,97
1709520244.933253,98
1709520244.959901,97
1709520244.984438,99
1709520245.011262,98
1709520245.086995,98
1709520245.116004,97
1709520245.184619,96
1709520245.208097,100
1709520245.234238,100
1709520245.268418,98
1709520245.325934,96
1709520245.352003,98
1709520245.390392,100
1709520245.420640,99
1709520245.468483,96
1709520245.527979,96
1709520245.549212,98
1709520245.590016,98
1709520245.655814,99
1709520245.700660,99
1709520245.724950,99
1709520245.747222,100
1709520245.803833,99
1709520245.831323,99
1709520245.899491,99
1709520245.920089,98
1709520245.956413,100
1709520245.980055,99
1709520246.008730,100
1709520246.061539,96
1709520246.083200,99
1709520246.110581,99
1709520246.133165,98
1709520246.155993,99
1709520246.190555,96
1709520246.221944,98
1709520246.289983,99
1709520246.312586,97
1709520246.334661,98
1709520246.353539,100
1709520246.383341,99
1709520246.435058,97
1709520246.453350,96
1709520246.477854,95
1709520246.500747,92
1709520246.527028,94
1709520246.578917,90
1709520246.601796,88
1709520246.639077,90
1709520246.667342,90
1709520246.691661,90
1709520246.716624,87
1709520246.739209,87
1709520246.770067,83
1709520246.815959,75
1709520246.839059,71
1709520246.860086,64
1709520246.890126,57
1709520246.914147,52
1709520246.983640,44
1709520247.021601,49
1709520247.061011,50
1709520247.084798,51
1709520247.108945,50
1709520247.155740,51
1709520247.177056,50
1709520247.234097,48
1709520247.258529,50
1709520247.289033,51
1709520247.309784,50
1709520247.333948,51
1709520247.384040,49
1709520247.422749,49
1709520247.446865,51
1709520247.473929,51
1709520247.553804,51
1709520247.577668,53
1709520247.598127,51
1709520247.636518,52
1709520247.658186,52
1709520247.693531,52
1709520247.747203,52
1709520247.768225,52
1709520247.824660,46
1709520247.851365,51
1709520247.874897,52
1709520247.901945,51
1709520247.941552,52
1709520247.993057,54
1709520248.043650,48
1709520248.087096,53
1709520248.116170,51
1709520248.163006,50
1709520248.182505,53
1709520248.228535,53
1709520248.284674,49
1709520248.307329,53
1709520248.355640,49
1709520248.377793,54
1709520248.400175,56
1709520248.431145,55
1709520248.488981,54
1709520248.510610,56
1709520248.585630,53
1709520248.607475,57
1709520248.654079,54
1709520248.674215,54
1709520248.719135,53
1709520248.746304,55
1709520248.772944,54
1709520248.823294,56
1709520248.867102,53
1709520248.892730,55
1709520248.926459,54
1709520248.948952,54
1709520249.011051,54
1709520249.055203,55
1709520249.078981,57
1709520249.139180,56
1709520249.171109,57
1709520249.193936,56
1709520249.221423,56
1709520249.277584,55
1709520249.296268,56
1709520249.333657,54
1709520249.374100,58
1709520249.394814,56
1709520249.417941,56
1709520249.447200,57
1709520249.506530,57
1709520249.554790,53
1709520249.577600,56
1709520249.598778,58
1709520249.619311,58
1709520249.646765,57
1709520249.672713,57
1709520249.731955,55
1709520249.756551,57
1709520249.781064,56
1709520249.825956,57
1709520249.846610,58
1709520249.866772,57
1709520249.887069,56
1709520249.912322,56
1709520249.977996,51
1709520250.001622,56
1709520250.038461,56
1709520250.062381,58
1709520250.109788,56
1709520250.139629,57
1709520250.171821,57
1709520250.240183,58
1709520250.270161,56
1709520250.298746,58
1709520250.354006,59
1709520250.388516,58
1709520250.414988,57
1709520250.467772,56
1709520250.498724,58
1709520250.520879,58
1709520250.550239,59
1709520250.607895,56
1709520250.632209,59
1709520250.694131,53
1709520250.722544,58
1709520250.748400,58
1709520250.778694,59
1709520250.819201,58
1709520250.887707,59
1709520250.927712,58
1709520250.977614,59
1709520251.020659,61
1709520251.060240,58
1709520251.113056,56
1709520251.136283,60
1709520251.191900,60
1709520251.213114,61
1709520251.230283,61
1709520251.254436,60
1709520251.296682,61
1709520251.322166,61
1709520251.354664,59
1709520251.377769,60
1709520251.413224,60
1709520251.436642,59
1709520251.496750,61
1709520251.549169,58
1709520251.575652,61
1709520251.651941,61
1709520251.680189,60
1709520251.737295,61
1709520251.761544,60
1709520251.789024,61
1709520251.829293,58
1709520251.884525,61
1709520251.912014,60
1709520251.944415,61
1709520251.981418,61
1709520252.024409,60
1709520252.079578,59
1709520252.114527,59
1709520252.142202,60
1709520252.199533,64
1709520252.231427,62
1709520252.290165,64
1709520252.310655,65
1709520252.330390,63
1709520252.358468,65
1709520252.416670,61
1709520252.442389,63
1709520252.465230,63
1709520252.517569,63
1709520252.540797,62
1709520252.571036,62
1709520252.591158,63
1709520252.621607,62
1709520252.650331,62
1709520252.678886,61
1709520252.726507,61
1709520252.753150,64
1709520252.781440,64
1709520252.830794,63
1709520252.852371,63
1709520252.874697,65
1709520252.939000,62
1709520252.959678,65
1709520252.998036,64
1709520253.021774,63
1709520253.059144,64
1709520253.090278,64
1709520253.117409,64
1709520253.138060,63
1709520253.167006,65
1709520253.189457,64
1709520253.239940,64
1709520253.280186,63
1709520253.320668,63
1709520253.356555,61
1709520253.383804,65
1709520253.416270,64
1709520253.435581,65
1709520253.456403,64
1709520253.483182,66
1709520253.506886,65
1709520253.557435,64
1709520253.582610,66
1709520253.630272,63
1709520253.669930,60
1709520253.693763,67
1709520253.734253,65
1709520253.753815,65
1709520253.772565,66
1709520253.791526,67
1709520253.819844,66
1709520253.865451,65
1709520253.895789,65
1709520253.934561,64
1709520253.960912,65
1709520254.038790,65
1709520254.071732,66
1709520254.115226,65
1709520254.170503,66
1709520254.197022,66
1709520254.215445,65
1709520254.239378,67
1709520254.290858,67
1709520254.314664,67
1709520254.354498,68
1709520254.407748,68
1709520254.429754,67
1709520254.454381,68
1709520254.495345,67
1709520254.522682,68
1709520254.572971,61
1709520254.618810,63
1709520254.647515,68
1709520254.679044,65
1709520254.701087,66
1709520254.747408,66
1709520254.799159,67
1709520254.828447,69
1709520254.871848,69
1709520254.904548,66
1709520254.937121,69
1709520254.979414,68
1709520255.008058,68
1709520255.034423,68
1709520255.055027,69
1709520255.077550,69
1709520255.124089,63
1709520255.148811,69
1709520255.197537,69
1709520255.222424,68
1709520255.272026,70
1709520255.332618,68
1709520255.357970,69
1709520255.408898,66
1709520255.432639,69
1709520255.466841,70
1709520255.494925,71
1709520255.549603,63
1709520255.576733,71
1709520255.605060,71
1709520255.628031,69
1709520255.686538,71
1709520255.720970,67
1709520255.748885,70
1709520255.776220,68
1709520255.798692,70
1709520255.831589,71
1709520255.850041,71
1709520255.873472,69
1709520255.914501,70
1709520255.935480,70
1709520255.956838,69
1709520255.984148,70
1709520256.036796,68
1709520256.059222,68
1709520256.114403,70
1709520256.135278,70
1709520256.160127,70
1709520256.183671,69
1709520256.240170,69
1709520256.259265,69
1709520256.316941,70
1709520256.349302,71
1709520256.394355,68
1709520256.434822,71
1709520256.462590,71
1709520256.516559,70
1709520256.560207,72
1709520256.587193,72
1709520256.612477,70
1709520256.643215,72
1709520256.667419,72
1709520256.717618,70
1709520256.744740,72
1709520256.780493,70
1709520256.801815,71
1709520256.832107,71
1709520256.876795,72
1709520256.904933,67
1709520256.939074,72
1709520256.962527,72
1709520256.985034,72
1709520257.012197,71
1709520257.054479,73
1709520257.111820,66
1709520257.147573,72
1709520257.175428,72
1709520257.197387,71
1709520257.250089,72
1709520257.315550,73
1709520257.334765,72
1709520257.356109,73
1709520257.387320,72
1709520257.408748,72
1709520257.446687,67
1709520257.480793,74
1709520257.499683,75
1709520257.539590,72
1709520257.560182,74
1709520257.587706,73
1709520257.612313,73
1709520257.650066,73
1709520257.682036,74
1709520257.703785,75
1709520257.746215,73
1709520257.778975,73
1709520257.823777,66
1709520257.846658,71
1709520257.885440,74
1709520257.954390,67
1709520257.975545,74
1709520258.026620,71
1709520258.050955,74
1709520258.089909,74
1709520258.116597,75
1709520258.147906,72
1709520258.179038,74
1709520258.219849,75
1709520258.274567,75
1709520258.311563,72
1709520258.332474,73
1709520258.361162,74
1709520258.380905,74
1709520258.420943,71
1709520258.441593,72
1709520258.484017,73
1709520258.535373,72
1709520258.565362,75
1709520258.591530,73
1709520258.616430,68
1709520258.648405,62
1709520258.690653,53
1709520258.710606,45
1709520258.745968,35
1709520258.786698,25
1709520258.825332,16
1709520258.850962,8
1709520258.871613,0
1709520258.896947,0
1709520258.943976,0
1709520258.983011,0
1709520259.013250,0
1709520259.043603,0
1709520259.074171,0
1709520259.124403,0
1709520259.152310,0
1709520259.173400,0
1709520259.196193,0
1709520259.225952,0
1709520259.245878,0
1709520259.287037,0
1709520259.322445,0
1709520259.363510,0
1709520259.408824,0
1709520259.430474,0
1709520259.472511,0
1709520259.495290,0
1709520259.517808,0
1709520259.539581,0
1709520259.582711,0
1709520259.602828,0
1709520259.639659,0
1709520259.668500,0
1709520259.687469,0
1709520259.722812,0
1709520259.745319,0
1709520259.770844,0
1709520259.796083,0
1709520259.819434,0
1709520259.840095,0
1709520259.860099,0
1709520259.889096,0
1709520259.932166,0
1709520259.965141,0
1709520259.993527,0
1709520260.016842,0
1709520260.039426,0
1709520260.081494,0
1709520260.120171,0
1709520260.140789,0
1709520260.159106,0
1709520260.179439,0
1709520260.218163,0
1709520260.241508,0
1709520260.280353,0
1709520260.308219,0
1709520260.338767,0
1709520260.359678,0
1709520260.396288,0
1709520260.419356,0
1709520260.446838,0
1709520260.506655,0
1709520260.542264,0
1709520260.563538,0
1709520260.583393,0
1709520260.624582,0
1709520260.650601,0
1709520260.678839,0
1709520260.700670,0
1709520260.734615,0
