1709521425.260084,0
1709521425.331237,0
1709521425.353534,1
1709521425.379823,2
1709521425.411870,1
1709521425.490608,1
1709521425.515800,1
1709521425.632497,1
1709521425.659537,1
1709521425.690406,1
1709521425.726624,1
1709521425.823414,1
1709521425.901031,3
1709521425.933072,3
1709521425.973608,2
1709521426.003826,3
1709521426.035197,2
1709521426.064286,2
1709521426.089963,2
1709521426.123780,3
1709521426.149358,2
1709521426.214064,1
1709521426.243477,1
1709521426.270059,3
1709521426.300795,3
1709521426.325924,4
1709521426.379438,3
1709521426.405226,2
1709521426.442070,1
1709521426.470310,1
1709521426.532454,1
1709521426.573112,1
1709521426.604055,1
1709521426.682680,1
1709521426.714969,2
1709521426.749969,3
1709521426.782866,1
1709521426.812985,2
1709521426.865098,1
1709521426.899628,4
1709521426.982666,3
1709521427.020437,2
1709521427.085267,1
1709521427.142898,0
1709521427.173797,1
1709521427.209070,2
1709521427.283821,1
1709521427.345537,0
1709521427.384559,1
1709521427.410126,0
1709521427.438242,0
1709521427.463303,0
1709521427.495769,1
1709521427.588939,1
1709521427.621741,1
1709521427.681468,1
1709521427.750914,1
1709521427.786725,1
1709521427.809304,0
1709521427.846793,1
1709521427.906817,1
1709521427.932974,2
1709521427.956335,2
1709521427.980202,1
1709521428.019535,2
1709521428.043061,2
1709521428.112572,2
1709521428.140192,2
1709521428.204174,1
1709521428.235548,1
1709521428.266082,1
1709521428.304569,1
1709521428.371875,2
1709521428.399973,1
1709521428.437304,1
1709521428.461552,1
1709521428.518069,2
1709521428.554107,3
1709521428.601912,2
1709521428.635713,2
1709521428.667965,2
1709521428.690156,2
1709521428.733599,2
1709521428.838628,1
1709521428.861267,1
1709521428.905446,1
1709521428.934866,1
1709521428.968293,1
1709521429.019719,1
1709521429.045370,1
1709521429.085849,1
1709521429.110837,1
1709521429.132655,1
1709521429.241787,1
1709521429.303614,1
1709521429.324787,1
1709521429.360513,1
1709521429.389349,1
1709521429.473749,2
1709521429.500935,3
1709521429.540719,2
1709521429.582365,2
1709521429.610720,2
1709521429.644201,1
1709521429.670960,1
1709521429.704480,1
1709521429.727956,1
1709521429.797221,1
1709521429.824301,1
1709521429.847297,1
1709521429.875054,0
1709521429.897458,0
1709521429.979426,1
1709521430.031990,2
1709521430.055173,2
1709521430.120749,0
1709521430.146215,1
1709521430.199825,1
1709521430.222428,1
1709521430.263198,1
1709521430.285618,1
1709521430.321961,1
1709521430.364989,2
1709521430.384670,2
1709521430.422583,1
1709521430.444551,2
1709521430.464912,3
1709521430.488498,2
1709521430.513693,2
1709521430.552920,2
1709521430.619690,1
1709521430.649635,1
1709521430.678567,1
1709521430.701160,1
1709521430.727091,1
1709521430.761252,1
1709521430.787007,1
1709521430.808210,1
1709521430.834255,1
1709521430.859643,1
1709521430.885707,1
1709521430.911747,1
1709521430.983694,0
1709521431.045309,1
1709521431.074208,1
1709521431.099699,1
1709521431.119478,1
1709521431.170797,2
1709521431.203169,1
1709521431.252534,1
1709521431.276205,1
1709521431.301555,1
1709521431.329808,1
1709521431.358360,1
1709521431.450410,2
1709521431.474535,2
1709521431.502030,2
1709521431.538964,2
1709521431.561669,2
1709521431.632034,2
1709521431.668171,4
1709521431.701290,3
1709521431.722620,5
1709521431.745070,4
1709521431.774254,4
1709521431.805992,4
1709521431.837280,3
1709521431.858650,3
1709521431.912060,4
1709521431.944494,4
1709521431.965912,4
1709521432.036847,5
1709521432.056335,5
1709521432.112883,5
1709521432.138665,7
1709521432.184891,5
1709521432.251990,4
1709521432.278589,4
1709521432.340096,3
1709521432.360117,3
1709521432.386472,3
1709521432.420814,3
1709521432.446063,2
1709521432.485868,2
1709521432.526556,2
1709521432.549079,2
1709521432.573850,2
1709521432.615028,2
1709521432.672126,1
1709521432.699494,1
1709521432.761496,1
1709521432.785996,1
1709521432.834587,1
1709521432.860860,1
1709521432.887493,0
1709521432.958656,1
1709521433.019108,1
1709521433.042215,1
1709521433.091685,1
1709521433.152569,2
1709521433.174845,2
1709521433.195990,2
1709521433.225338,3
1709521433.251202,1
1709521433.271953,2
1709521433.318782,2
1709521433.346014,3
1709521433.372467,3
1709521433.393864,3
1709521433.439966,1
1709521433.516124,1
1709521433.551871,1
1709521433.580079,1
1709521433.638389,1
1709521433.706645,1
1709521433.741536,1
1709521433.765116,2
1709521433.801565,1
1709521433.844150,1
1709521433.866849,1
1709521433.894476,1
1709521433.947603,2
1709521434.003191,2
1709521434.030438,2
1709521434.072550,2
1709521434.123327,1
1709521434.152198,1
1709521434.204769,1
1709521434.256211,0
1709521434.286227,0
1709521434.325668,1
1709521434.349226,2
1709521434.376474,2
1709521434.398201,2
1709521434.447889,2
1709521434.471254,2
1709521434.491524,3
1709521434.530430,3
1709521434.553845,3
1709521434.585027,3
1709521434.615027,3
1709521434.647157,3
1709521434.700248,2
1709521434.731471,2
1709521434.793587,2
1709521434.821120,1
1709521434.845018,1
1709521434.903253,1
1709521434.927771,1
1709521434.978052,2
1709521435.004227,2
1709521435.026049,1
1709521435.081443,1
1709521435.105276,2
1709521435.154908,2
1709521435.186649,2
1709521435.207864,2
1709521435.246866,2
1709521435.268321,2
1709521435.341113,2
1709521435.362859,2
1709521435.384238,2
1709521435.403975,2
1709521435.446862,2
1709521435.476379,1
1709521435.498069,1
1709521435.527415,1
1709521435.550270,1
1709521435.599345,1
1709521435.619972,1
1709521435.643578,1
1709521435.669029,1
1709521435.705523,1
1709521435.748888,1
1709521435.772105,1
1709521435.830393,1
1709521435.857515,1
1709521435.877275,1
1709521435.897737,1
1709521435.929990,1
1709521435.962779,2
1709521436.001729,2
1709521436.029391,1
1709521436.064992,1
1709521436.100432,1
1709521436.131799,2
1709521436.180611,3
1709521436.204370,3
1709521436.221140,3
1709521436.275934,3
1709521436.339646,3
1709521436.360506,3
1709521436.382542,3
1709521436.433413,3
1709521436.478229,2
1709521436.522064,2
1709521436.579395,1
1709521436.603777,0
1709521436.662451,1
1709521436.721737,2
1709521436.747344,2
1709521436.774104,2
1709521436.821048,2
1709521436.862603,1
1709521436.886692,1
1709521436.913431,1
1709521436.956075,2
1709521436.977625,2
1709521436.998426,3
1709521437.024128,2
1709521437.055125,1
1709521437.083144,3
1709521437.110964,2
1709521437.134677,2
1709521437.197734,1
1709521437.220713,2
1709521437.242618,2
1709521437.283854,1
1709521437.317218,1
1709521437.342592,2
1709521437.377819,2
1709521437.399347,1
1709521437.422468,1
1709521437.452408,3
1709521437.477225,2
1709521437.514373,2
1709521437.552073,0
1709521437.587869,1
1709521437.612333,1
1709521437.644299,1
1709521437.675746,1
1709521437.715552,2
1709521437.756677,2
1709521437.775841,2
1709521437.835621,1
1709521437.866199,1
1709521437.891152,1
1709521437.912593,1
1709521437.959331,1
1709521437.993972,1
1709521438.017932,1
1709521438.040542,1
1709521438.063337,1
1709521438.109336,0
1709521438.129080,2
1709521438.148921,3
1709521438.170849,2
1709521438.214792,3
1709521438.242648,2
1709521438.270433,2
1709521438.310760,2
1709521438.363857,4
1709521438.389042,2
1709521438.443057,1
1709521438.499263,1
1709521438.534935,1
1709521438.570052,2
1709521438.599577,2
1709521438.619292,2
1709521438.639935,2
1709521438.687934,2
1709521438.718135,2
1709521438.736490,2
1709521438.760584,2
1709521438.793944,2
1709521438.826583,3
1709521438.853532,4
1709521438.873554,3
1709521438.915337,3
1709521439.003266,1
1709521439.049269,2
1709521439.072674,2
1709521439.106554,2
1709521439.135291,2
1709521439.168830,2
1709521439.221108,1
1709521439.254823,1
1709521439.274539,1
1709521439.326190,2
1709521439.372898,2
1709521439.400980,3
1709521439.423743,2
1709521439.447646,2
1709521439.481590,1
1709521439.515402,1
1709521439.564493,2
1709521439.595793,2
1709521439.620394,2
1709521439.673169,1
1709521439.706854,0
1709521439.753626,1
1709521439.774606,1
1709521439.807910,1
1709521439.830372,1
1709521439.892283,1
1709521439.914277,2
1709521439.936578,2
1709521439.990992,2
1709521440.022624,2
1709521440.047624,2
1709521440.089065,1
1709521440.150753,1
1709521440.170686,1
1709521440.214805,2
1709521440.265495,2
1709521440.284812,2
1709521440.310330,3
1709521440.331867,2
1709521440.367504,2
1709521440.430848,3
1709521440.456068,3
1709521440.505383,3
1709521440.533367,3
1709521440.555717,4
1709521440.580956,4
1709521440.635006,2
1709521440.686517,2
1709521440.726250,2
1709521440.780764,1
1709521440.820475,1
1709521440.846358,1
1709521440.894156,0
1709521440.961990,2
1709521440.986394,2
1709521441.012164,2
1709521441.061783,2
1709521441.083591,2
1709521441.103918,3
1709521441.171198,2
1709521441.209148,2
1709521441.237605,2
1709521441.266645,2
1709521441.301282,2
1709521441.347642,2
1709521441.381667,1
1709521441.420110,3
1709521441.444095,3
1709521441.464483,3
1709521441.533619,2
1709521441.552135,1
1709521441.583848,1
1709521441.612537,2
1709521441.665170,2
1709521441.686205,2
1709521441.757742,3
1709521441.793456,0
1709521441.816699,2
1709521441.845432,3
1709521441.885700,1
1709521441.926161,2
1709521441.960843,1
1709521442.000124,1
1709521442.054391,1
1709521442.080499,1
1709521442.120761,1
1709521442.143963,1
1709521442.169833,1
1709521442.221084,1
1709521442.267121,1
1709521442.287472,1
1709521442.312428,1
1709521442.348437,1
1709521442.386921,2
1709521442.407298,2
1709521442.428669,2
1709521442.452398,2
1709521442.485453,2
1709521442.522216,2
1709521442.562441,1
1709521442.587198,2
1709521442.609031,2
1709521442.644381,2
1709521442.686281,3
1709521442.715355,2
1709521442.739637,2
1709521442.806079,1
1709521442.829695,2
1709521442.850622,2
1709521442.901114,0
1709521442.927500,4
1709521442.962081,3
1709521443.006875,3
1709521443.029176,4
1709521443.060960,3
1709521443.110958,3
1709521443.160883,4
1709521443.193790,3
1709521443.213680,3
1709521443.231745,3
1709521443.265593,4
1709521443.311925,3
1709521443.334848,3
1709521443.370891,3
1709521443.394817,4
1709521443.449779,3
1709521443.492778,3
1709521443.516130,3
1709521443.536700,3
1709521443.570861,3
1709521443.605382,3
1709521443.646445,4
1709521443.691288,2
1709521443.712465,2
1709521443.734962,2
1709521443.790837,2
1709521443.849095,2
1709521443.868488,2
1709521443.891052,2
1709521443.915991,2
1709521443.940981,2
1709521443.963992,2
1709521444.013250,4
1709521444.046692,3
1709521444.099048,3
1709521444.126674,3
1709521444.207358,2
1709521444.260048,2
1709521444.291737,2
1709521444.320276,2
1709521444.360767,2
1709521444.389897,2
1709521444.452217,2
1709521444.493585,2
1709521444.523169,3
1709521444.550358,3
1709521444.576850,5
1709521444.630484,4
1709521444.687462,3
1709521444.711499,3
1709521444.732154,3
1709521444.755159,3
1709521444.773512,3
1709521444.793826,4
1709521444.862279,3
1709521444.888000,2
1709521444.910607,2
1709521444.941560,2
1709521444.982117,1
1709521445.024612,1
1709521445.063972,1
1709521445.088271,1
1709521445.142179,2
1709521445.179560,2
1709521445.201055,2
1709521445.228166,3
1709521445.265971,2
1709521445.309124,2
1709521445.329154,1
1709521445.351063,1
1709521445.371450,1
1709521445.411648,1
1709521445.433261,1
1709521445.485807,2
1709521445.515664,3
1709521445.538742,2
1709521445.563096,3
1709521445.629370,1
1709521445.651443,1
1709521445.681348,3
1709521445.739847,1
1709521445.785972,1
1709521445.808029,1
1709521445.839001,1
1709521445.878717,2
1709521445.902080,2
1709521445.926014,2
1709521445.951782,3
1709521446.009437,3
1709521446.043617,3
1709521446.065242,3
1709521446.087678,3
1709521446.108514,3
1709521446.146799,3
1709521446.215073,3
1709521446.238452,3
1709521446.259751,3
1709521446.289769,3
1709521446.313642,3
1709521446.362124,3
1709521446.380579,3
1709521446.407897,4
1709521446.471128,3
1709521446.499738,3
1709521446.542990,2
1709521446.565074,2
1709521446.623147,2
1709521446.659563,3
1709521446.712967,2
1709521446.736254,2
1709521446.759516,2
1709521446.786454,2
1709521446.833938,2
1709521446.871471,3
1709521446.897357,2
1709521446.916915,3
1709521446.940735,2
1709521446.961154,3
1709521446.982885,2
1709521447.007570,2
1709521447.056013,2
1709521447.080134,2
1709521447.118192,2
1709521447.152521,2
1709521447.192122,2
1709521447.219687,2
1709521447.241850,2
1709521447.270529,2
1709521447.303180,2
1709521447.343479,3
1709521447.365343,4
1709521447.451411,4
1709521447.487113,3
1709521447.558424,1
1709521447.600466,2
1709521447.623580,2
1709521447.652482,2
1709521447.695583,3
1709521447.732293,2
1709521447.752991,2
1709521447.773581,2
1709521447.831226,1
1709521447.872565,1
1709521447.899020,2
1709521447.922608,2
1709521447.964528,3
1709521448.000541,3
1709521448.022312,3
1709521448.050560,3
1709521448.081648,3
1709521448.139228,3
1709521448.159083,3
1709521448.202438,3
1709521448.235976,3
1709521448.259508,3
1709521448.283069,3
1709521448.307092,4
1709521448.330735,3
1709521448.355270,2
1709521448.374769,2
1709521448.418883,2
1709521448.451752,2
1709521448.472276,2
1709521448.495489,3
1709521448.537522,3
1709521448.560555,3
1709521448.585270,3
1709521448.610037,5
1709521448.663941,4
1709521448.696779,4
1709521448.717442,6
1709521448.743649,4
1709521448.766910,4
1709521448.824690,4
1709521448.850391,4
1709521448.892565,3
1709521448.922735,3
1709521448.948015,4
1709521448.990131,3
1709521449.016112,3
1709521449.046446,3
1709521449.104898,3
1709521449.128496,3
1709521449.161221,5
1709521449.218399,4
1709521449.246753,4
1709521449.279528,4
1709521449.326956,4
1709521449.350395,5
1709521449.377825,4
1709521449.403327,4
1709521449.440629,3
1709521449.503798,3
1709521449.527431,4
1709521449.549432,4
1709521449.575229,3
1709521449.617003,2
1709521449.671258,3
1709521449.694321,3
1709521449.723145,3
1709521449.743392,3
1709521449.773699,3
1709521449.796999,3
1709521449.845866,2
1709521449.870404,3
1709521449.897873,2
1709521449.923330,2
1709521449.957649,3
1709521450.039097,1
1709521450.058056,2
1709521450.082884,2
1709521450.102586,2
1709521450.174860,0
1709521450.200075,1
1709521450.233203,1
1709521450.277017,1
1709521450.305861,1
1709521450.335877,1
1709521450.363980,1
1709521450.412138,2
1709521450.436310,1
1709521450.493642,2
1709521450.518504,2
1709521450.537848,2
1709521450.574553,3
1709521450.626479,2
1709521450.651955,2
1709521450.702555,2
1709521450.730735,2
1709521450.752977,3
1709521450.808343,1
1709521450.829465,1
1709521450.885205,1
1709521450.912004,2
1709521450.934840,2
1709521450.956064,3
1709521451.003276,1
1709521451.021655,1
1709521451.075073,1
1709521451.099080,1
1709521451.136523,3
1709521451.163705,1
1709521451.189126,1
1709521451.213692,1
1709521451.276639,1
1709521451.296834,1
1709521451.318738,1
1709521451.358571,1
1709521451.406329,2
1709521451.432190,2
1709521451.455690,2
1709521451.491318,2
1709521451.517288,2
1709521451.559469,2
1709521451.582693,2
1709521451.612514,1
1709521451.634775,3
1709521451.699100,2
1709521451.723290,2
1709521451.772328,2
1709521451.799278,2
1709521451.820444,3
1709521451.869939,2
1709521451.894871,1
1709521451.916067,1
1709521451.948488,3
1709521451.979515,2
1709521452.004629,2
1709521452.067252,3
1709521452.098520,2
1709521452.128318,1
1709521452.173169,2
1709521452.196676,1
1709521452.243933,2
1709521452.267134,2
1709521452.287066,2
1709521452.333926,2
1709521452.367049,3
1709521452.392528,3
1709521452.417282,3
1709521452.438661,3
1709521452.471034,3
1709521452.492731,3
1709521452.539326,3
1709521452.585889,4
1709521452.604720,3
1709521452.631357,3
1709521452.656320,4
1709521452.715377,2
1709521452.745712,2
1709521452.769491,2
1709521452.795542,2
1709521452.838358,2
1709521452.895637,1
1709521452.919288,2
1709521452.944800,1
1709521452.965638,1
1709521453.018125,0
1709521453.039709,1
1709521453.082046,1
1709521453.113139,1
1709521453.134745,1
1709521453.161305,1
1709521453.181782,1
1709521453.203000,1
1709521453.238560,2
1709521453.263631,2
1709521453.292089,2
1709521453.331054,1
1709521453.351701,1
1709521453.373486,1
1709521453.396281,1
1709521453.417908,1
1709521453.451288,1
1709521453.484107,1
1709521453.512000,1
1709521453.538732,1
1709521453.557101,1
1709521453.597128,0
1709521453.621211,2
1709521453.668190,2
1709521453.708346,2
1709521453.747877,1
1709521453.784890,2
1709521453.812699,2
1709521453.840569,2
1709521453.892836,2
1709521453.947623,2
1709521453.971798,2
1709521454.007221,2
1709521454.058738,2
1709521454.078884,1
1709521454.106959,1
1709521454.126956,1
1709521454.178337,1
1709521454.219214,1
1709521454.274771,1
1709521454.295268,1
1709521454.333238,1
1709521454.377438,2
1709521454.401896,2
1709521454.420092,2
1709521454.454621,2
1709521454.509688,1
1709521454.531141,1
1709521454.554503,1
1709521454.588779,1
1709521454.618259,1
1709521454.671849,2
1709521454.692065,2
1709521454.712703,2
1709521454.735804,2
1709521454.761116,2
1709521454.795688,2
1709521454.817544,3
1709521454.877578,3
1709521454.902353,3
1709521454.921409,3
1709521454.984500,2
1709521455.029502,1
1709521455.060441,3
1709521455.088644,2
1709521455.144075,3
1709521455.187222,2
1709521455.225711,3
1709521455.253552,2
1709521455.282638,3
1709521455.323222,3
1709521455.346367,2
1709521455.376243,3
1709521455.413304,1
1709521455.435961,1
1709521455.457819,1
1709521455.486853,1
1709521455.537178,0
1709521455.568805,1
1709521455.608476,0
1709521455.635485,1
1709521455.662274,1
1709521455.719507,1
1709521455.767190,1
1709521455.807535,1
1709521455.868720,1
1709521455.893646,1
1709521455.942497,2
1709521455.979528,3
1709521456.001993,5
1709521456.030769,4
1709521456.073810,2
1709521456.100073,2
1709521456.156382,1
1709521456.177670,1
1709521456.199026,1
1709521456.232807,1
1709521456.301168,3
1709521456.334966,2
1709521456.367460,2
1709521456.400621,2
1709521456.429721,3
1709521456.450846,2
1709521456.497386,1
1709521456.515758,2
1709521456.536101,2
1709521456.567253,2
1709521456.589786,2
1709521456.611671,2
1709521456.632114,2
1709521456.699199,3
1709521456.745332,3
1709521456.783554,4
1709521456.815653,4
1709521456.863545,3
1709521456.927884,2
1709521456.966851,3
1709521456.988599,4
1709521457.028501,2
1709521457.057303,2
1709521457.113273,2
1709521457.146857,2
1709521457.172499,4
1709521457.221935,3
1709521457.306118,2
1709521457.342035,3
1709521457.403389,3
1709521457.463529,2
1709521457.481629,2
1709521457.559274,2
1709521457.605951,1
1709521457.630343,1
1709521457.655509,1
1709521457.674397,1
1709521457.719339,1
1709521457.774267,1
1709521457.806607,3
1709521457.834132,2
1709521457.864217,2
1709521457.885837,2
1709521457.920988,2
1709521457.969624,3
1709521458.000870,3
1709521458.029869,3
1709521458.081404,2
1709521458.114386,1
1709521458.170711,2
1709521458.192242,2
1709521458.215419,2
1709521458.247548,2
1709521458.327336,2
1709521458.351536,2
1709521458.422671,2
1709521458.448672,2
1709521458.486387,4
1709521458.511106,3
1709521458.550143,2
1709521458.613019,2
1709521458.638430,2
1709521458.657319,2
1709521458.678424,2
1709521458.704619,2
1709521458.731167,2
1709521458.753842,1
1709521458.811846,1
1709521458.842501,1
1709521458.903038,1
1709521458.930442,1
1709521458.997910,2
1709521459.040039,1
1709521459.064250,1
1709521459.117383,1
1709521459.153920,2
1709521459.184131,2
1709521459.242075,2
1709521459.287089,2
1709521459.313235,2
1709521459.399511,2
1709521459.434798,3
1709521459.456077,2
1709521459.496400,2
1709521459.548661,1
1709521459.572622,1
1709521459.593007,1
1709521459.639400,1
1709521459.664980,1
1709521459.694652,1
1709521459.720237,1
1709521459.737558,1
1709521459.759333,1
1709521459.786340,1
1709521459.830719,0
1709521459.855602,1
1709521459.901462,1
1709521459.922831,1
1709521459.945236,1
1709521459.971807,1
1709521460.007978,1
1709521460.031763,1
1709521460.056796,1
1709521460.113819,2
1709521460.137054,1
1709521460.163875,2
1709521460.197377,2
1709521460.229127,2
1709521460.270144,2
1709521460.306676,1
1709521460.332306,1
1709521460.354128,1
1709521460.414382,1
1709521460.460688,1
1709521460.487446,2
1709521460.520884,2
1709521460.573632,3
1709521460.637051,2
1709521460.666678,2
1709521460.727370,2
1709521460.757513,1
1709521460.778526,1
1709521460.804956,1
1709521460.832949,1
1709521460.855828,1
1709521460.879734,1
1709521460.907079,2
1709521460.945551,2
1709521460.969059,2
1709521460.997337,2
1709521461.043535,2
1709521461.094337,2
1709521461.121192,2
1709521461.166571,2
1709521461.186913,2
1709521461.225801,3
1709521461.268070,2
1709521461.302334,3
1709521461.331572,2
1709521461.352998,2
1709521461.395153,2
1709521461.416244,4
1709521461.468632,3
1709521461.503592,3
1709521461.524353,4
1709521461.570452,2
1709521461.595805,2
1709521461.640853,2
1709521461.661074,2
1709521461.699675,2
1709521461.763160,1
1709521461.784479,2
1709521461.805821,1
1709521461.840029,1
1709521461.861616,1
1709521461.900458,1
1709521461.950355,3
1709521461.970790,2
1709521462.005908,2
1709521462.046753,3
1709521462.073209,3
1709521462.095370,2
1709521462.118465,2
1709521462.169444,1
1709521462.201938,1
1709521462.243955,2
1709521462.268262,2
1709521462.289310,2
1709521462.310073,2
1709521462.374594,2
1709521462.415456,2
1709521462.450370,2
1709521462.509658,2
1709521462.546093,2
1709521462.565995,2
1709521462.593184,2
1709521462.628578,1
1709521462.666179,1
1709521462.697647,1
1709521462.740292,2
1709521462.762210,2
1709521462.792462,2
1709521462.820030,1
1709521462.838735,1
1709521462.895489,1
1709521462.915187,2
1709521462.935924,2
1709521462.980077,2
1709521463.002934,2
1709521463.038886,2
1709521463.067371,2
1709521463.097289,2
1709521463.152332,2
1709521463.176320,2
1709521463.207252,3
1709521463.232413,4
1709521463.258661,5
1709521463.286065,4
1709521463.338498,4
1709521463.362321,5
1709521463.416940,5
1709521463.441633,4
1709521463.471180,4
1709521463.515296,5
1709521463.549501,5
1709521463.570060,5
1709521463.600265,5
1709521463.666468,4
1709521463.691452,4
1709521463.740822,5
1709521463.761150,4
1709521463.817131,4
1709521463.859738,4
1709521463.887020,5
1709521463.917886,4
1709521463.952211,4
1709521463.972834,2
1709521464.009423,2
1709521464.044528,2
1709521464.082654,1
1709521464.120110,1
1709521464.143163,4
1709521464.163019,3
1709521464.228051,2
1709521464.248096,3
1709521464.266849,2
1709521464.284558,1
1709521464.303571,2
1709521464.372234,2
1709521464.395547,2
1709521464.439110,1
1709521464.462446,2
1709521464.492941,2
1709521464.527709,2
1709521464.560605,2
1709521464.582037,2
1709521464.643785,2
1709521464.670370,1
1709521464.697347,1
1709521464.722864,1
1709521464.762529,2
1709521464.827224,1
1709521464.848291,1
1709521464.868015,1
1709521464.928242,2
1709521464.948476,2
1709521464.970659,2
1709521464.993417,2
1709521465.041908,3
1709521465.085008,1
1709521465.117588,2
1709521465.148772,2
1709521465.169192,1
1709521465.190270,1
1709521465.231096,1
1709521465.259106,1
1709521465.317778,2
1709521465.343912,2
1709521465.366895,1
1709521465.402968,2
1709521465.440814,2
1709521465.460199,2
1709521465.481787,2
1709521465.529683,2
1709521465.552457,3
1709521465.571065,2
1709521465.592238,2
1709521465.635687,1
1709521465.666298,1
1709521465.691741,1
1709521465.716223,1
1709521465.757150,1
1709521465.801916,1
1709521465.822575,1
1709521465.861583,0
1709521465.888204,1
1709521465.911374,1
1709521465.942944,1
1709521465.986075,0
1709521466.009849,1
1709521466.045893,1
1709521466.072258,1
1709521466.118401,1
1709521466.140151,0
1709521466.161286,0
1709521466.183409,1
1709521466.209784,1
1709521466.229336,1
1709521466.279691,2
1709521466.339123,0
1709521466.366300,1
1709521466.394229,1
1709521466.417722,2
1709521466.437447,1
1709521466.468348,1
1709521466.492733,1
1709521466.529672,1
1709521466.582535,1
1709521466.616852,1
1709521466.674435,1
1709521466.701154,1
1709521466.742477,1
1709521466.769067,0
1709521466.791010,1
1709521466.813426,1
1709521466.852287,2
1709521466.898505,2
1709521466.919825,2
1709521466.956211,2
1709521466.980896,2
1709521467.021136,1
1709521467.068024,1
1709521467.114687,2
1709521467.142979,2
1709521467.174554,2
1709521467.222287,1
1709521467.245913,1
1709521467.264773,2
1709521467.284945,1
1709521467.321193,1
1709521467.346132,1
1709521467.369994,1
1709521467.419176,1
1709521467.444504,1
1709521467.471973,0
1709521467.514947,2
1709521467.546383,2
1709521467.577576,2
1709521467.609096,1
1709521467.640287,1
1709521467.673374,0
1709521467.710515,2
1709521467.737112,2
1709521467.802899,3
1709521467.823417,2
1709521467.841256,3
1709521467.862632,4
1709521467.933225,4
1709521467.962360,4
1709521467.987317,3
1709521468.012119,3
1709521468.064235,3
1709521468.094656,3
1709521468.117673,3
1709521468.139155,3
1709521468.162302,3
1709521468.199975,4
1709521468.219406,3
1709521468.245125,3
1709521468.286887,3
1709521468.316848,1
1709521468.344398,1
1709521468.384154,3
1709521468.423903,2
1709521468.447174,3
1709521468.498982,2
1709521468.551983,1
1709521468.587772,1
1709521468.616209,1
1709521468.656652,1
1709521468.696337,1
1709521468.740252,1
1709521468.771916,1
1709521468.804841,1
1709521468.864302,3
1709521468.902764,2
1709521468.949064,2
1709521468.974394,2
1709521469.037853,3
1709521469.073551,3
1709521469.107306,3
1709521469.136996,3
1709521469.189397,2
1709521469.216563,2
1709521469.239003,2
1709521469.290797,2
1709521469.308922,2
1709521469.327935,2
1709521469.350186,2
1709521469.368913,2
1709521469.397596,3
1709521469.429012,1
1709521469.457094,1
1709521469.498532,1
1709521469.551872,1
1709521469.574089,1
1709521469.604301,2
1709521469.651861,1
1709521469.672566,1
1709521469.729128,1
1709521469.752801,1
1709521469.771666,3
1709521469.812008,1
1709521469.847434,1
1709521469.877569,1
1709521469.909771,1
1709521469.955670,1
1709521470.009674,1
1709521470.029682,2
1709521470.057631,1
1709521470.119921,1
1709521470.179228,1
1709521470.205380,1
1709521470.226961,1
1709521470.273529,2
1709521470.318843,2
1709521470.338385,2
1709521470.364605,3
1709521470.387182,2
1709521470.423317,2
1709521470.463215,2
1709521470.485229,2
1709521470.514672,2
1709521470.535548,2
1709521470.560342,2
1709521470.580132,2
1709521470.638555,2
1709521470.673222,2
1709521470.717472,2
1709521470.749553,2
1709521470.787056,3
1709521470.834192,4
1709521470.873294,4
1709521470.902588,6
1709521470.932756,4
1709521470.969732,5
1709521470.990029,4
1709521471.056073,1
1709521471.081659,5
1709521471.125670,4
1709521471.160269,4
1709521471.185597,4
1709521471.214314,5
1709521471.240176,5
1709521471.292796,3
1709521471.315452,3
1709521471.348245,4
1709521471.371520,4
1709521471.441674,4
1709521471.468667,4
1709521471.521000,4
1709521471.543196,4
1709521471.615816,4
1709521471.677505,4
1709521471.701988,3
1709521471.767328,3
1709521471.819151,3
1709521471.865952,2
1709521471.971419,2
1709521471.992197,3
1709521472.034675,3
1709521472.071407,5
1709521472.123728,4
1709521472.145499,5
1709521472.170870,4
1709521472.216015,4
1709521472.270355,4
1709521472.293302,4
1709521472.318350,4
1709521472.346416,5
1709521472.370779,4
1709521472.415482,4
1709521472.461696,5
1709521472.479568,4
1709521472.498363,4
1709521472.550751,4
1709521472.603253,5
1709521472.628832,4
1709521472.691399,4
1709521472.714451,4
1709521472.739118,4
1709521472.759604,4
1709521472.809596,2
1709521472.833958,4
1709521472.872456,5
1709521472.896285,6
1709521472.932382,5
1709521472.973164,6
1709521473.006979,6
1709521473.051518,5
1709521473.072567,6
1709521473.125191,4
1709521473.161981,5
1709521473.187567,5
1709521473.217629,6
1709521473.243581,6
1709521473.277247,5
1709521473.309666,5
1709521473.338691,5
1709521473.357662,6
1709521473.379230,5
1709521473.429684,5
1709521473.455954,6
1709521473.512780,5
1709521473.545577,7
1709521473.572256,7
1709521473.595917,6
1709521473.640403,6
1709521473.664013,7
1709521473.705036,6
1709521473.734091,9
1709521473.754289,9
1709521473.780176,8
1709521473.805201,8
1709521473.851468,8
1709521473.880891,6
1709521473.922299,8
1709521473.952333,7
1709521473.973093,9
1709521474.005840,7
1709521474.050520,8
1709521474.071389,8
1709521474.094095,7
1709521474.123030,7
1709521474.152869,7
1709521474.223459,2
1709521474.249562,3
1709521474.271639,2
1709521474.309201,5
1709521474.338492,4
1709521474.384811,3
1709521474.410760,3
1709521474.446589,3
1709521474.490227,3
1709521474.521884,1
1709521474.543202,2
1709521474.563767,1
1709521474.590437,1
1709521474.618150,1
1709521474.641879,1
1709521474.683702,2
1709521474.712538,3
1709521474.746760,2
1709521474.775379,2
1709521474.807219,2
1709521474.852247,1
1709521474.872163,2
1709521474.895842,2
1709521474.934357,2
1709521474.957001,2
1709521474.992290,2
1709521475.042035,1
1709521475.111368,0
1709521475.154074,1
1709521475.184076,3
1709521475.246160,1
1709521475.270677,1
1709521475.292771,1
1709521475.348314,0
1709521475.378215,1
1709521475.448887,2
1709521475.474800,2
1709521475.500788,1
1709521475.530131,1
1709521475.572979,2
1709521475.625499,2
1709521475.647879,2
1709521475.676690,2
1709521475.699929,2
1709521475.723540,3
1709521475.772635,2
1709521475.795004,2
1709521475.824494,2
1709521475.896892,2
1709521475.943625,1
1709521475.967527,1
1709521475.990764,2
1709521476.037462,1
1709521476.062805,2
1709521476.083440,2
1709521476.107226,2
1709521476.180759,1
1709521476.206749,2
1709521476.230458,1
1709521476.253291,1
1709521476.277894,1
1709521476.315655,1
1709521476.340567,1
1709521476.386857,0
1709521476.438663,1
1709521476.458931,2
1709521476.480709,1
1709521476.550377,2
1709521476.593565,2
1709521476.624015,2
1709521476.653322,2
1709521476.673115,2
1709521476.696439,2
1709521476.721101,3
1709521476.755875,4
1709521476.775421,3
1709521476.799077,4
1709521476.822881,4
1709521476.846347,5
1709521476.868926,4
1709521476.889027,4
1709521476.936374,4
1709521476.964275,3
1709521477.019889,3
1709521477.054949,3
1709521477.090371,3
1709521477.134602,3
1709521477.169806,2
1709521477.202026,1
1709521477.227573,2
1709521477.250970,1
1709521477.275840,1
1709521477.323027,1
1709521477.362605,2
1709521477.384355,0
1709521477.404264,1
1709521477.465806,3
1709521477.505533,2
1709521477.539790,3
1709521477.574895,2
1709521477.600191,2
1709521477.646102,2
1709521477.675902,3
1709521477.700205,3
1709521477.724736,3
1709521477.744933,4
1709521477.769897,3
1709521477.827537,3
1709521477.865831,1
1709521477.891515,1
1709521477.919953,1
1709521477.943151,1
1709521477.991709,1
1709521478.025015,2
1709521478.069156,1
1709521478.090694,0
1709521478.111042,1
1709521478.138795,1
1709521478.197742,1
1709521478.222593,2
1709521478.243299,2
1709521478.267274,2
1709521478.288322,2
1709521478.326347,2
1709521478.355006,3
1709521478.412065,2
1709521478.435347,2
1709521478.491980,3
1709521478.528787,3
1709521478.589085,1
1709521478.608008,1
1709521478.630167,1
1709521478.674619,2
1709521478.723542,1
1709521478.744530,2
1709521478.770630,1
1709521478.813683,1
1709521478.837159,3
1709521478.859016,2
1709521478.898377,2
1709521478.929779,2
1709521478.958557,2
1709521479.018714,1
1709521479.055542,1
1709521479.077277,1
1709521479.133289,2
1709521479.167825,2
1709521479.204056,2
1709521479.222986,2
1709521479.247014,3
1709521479.285127,3
1709521479.312578,2
1709521479.383164,2
1709521479.414958,2
1709521479.438812,2
1709521479.487920,2
1709521479.511957,2
1709521479.558112,2
1709521479.583011,2
1709521479.603775,2
1709521479.625855,2
1709521479.650622,3
1709521479.680974,2
1709521479.718173,2
1709521479.746463,2
1709521479.811384,3
1709521479.840245,3
1709521479.864708,2
1709521479.908688,2
1709521479.935441,2
1709521479.975052,2
1709521479.999740,2
1709521480.032682,2
1709521480.053156,2
1709521480.115511,1
1709521480.140492,2
1709521480.188824,2
1709521480.214844,3
1709521480.236393,3
1709521480.288229,2
1709521480.361743,2
1709521480.405853,1
1709521480.451245,2
1709521480.471556,3
1709521480.491167,3
1709521480.543150,0
1709521480.597819,2
1709521480.624142,2
1709521480.663782,3
1709521480.717430,3
1709521480.738230,4
1709521480.761449,3
1709521480.819743,0
1709521480.882464,1
1709521480.903923,1
1709521480.922070,1
1709521480.949881,1
1709521480.972548,1
1709521481.004147,1
1709521481.043270,1
1709521481.064050,1
1709521481.120487,1
1709521481.143646,1
1709521481.170223,2
1709521481.193561,1
1709521481.212807,1
1709521481.244627,1
1709521481.287449,1
1709521481.308286,1
1709521481.359166,4
1709521481.377963,4
1709521481.400074,3
1709521481.425808,3
1709521481.467151,3
1709521481.512252,2
1709521481.576359,2
1709521481.610975,2
1709521481.644800,1
1709521481.676622,1
1709521481.729746,2
1709521481.800030,0
1709521481.822528,3
1709521481.859895,2
1709521481.903515,2
1709521481.949559,2
1709521481.971183,1
1709521482.000947,1
1709521482.030921,1
1709521482.099207,2
1709521482.130007,2
1709521482.152615,2
1709521482.171038,2
1709521482.243579,3
1709521482.273319,3
1709521482.294291,4
1709521482.340270,3
1709521482.383906,1
1709521482.405066,1
1709521482.434568,1
1709521482.458759,1
1709521482.515409,3
1709521482.562294,2
1709521482.589849,2
1709521482.624339,2
1709521482.648984,1
1709521482.692529,1
1709521482.712995,1
1709521482.774617,1
1709521482.808126,2
1709521482.848098,2
1709521482.887322,2
1709521482.912963,1
1709521482.946959,1
1709521483.007442,2
1709521483.048875,2
1709521483.074607,2
1709521483.130540,1
1709521483.160703,1
1709521483.200434,1
1709521483.228787,2
1709521483.261845,2
1709521483.318800,2
1709521483.346314,1
1709521483.367747,2
1709521483.388038,2
1709521483.415631,2
1709521483.439575,2
1709521483.471108,2
1709521483.525478,2
1709521483.547177,3
1709521483.568014,2
1709521483.621204,2
1709521483.645371,2
1709521483.671432,2
1709521483.736829,2
1709521483.770345,2
1709521483.800581,2
1709521483.819444,3
1709521483.847175,2
1709521483.876516,3
1709521483.928831,3
1709521483.954911,3
1709521484.000812,3
1709521484.042770,3
1709521484.064036,3
1709521484.123701,1
1709521484.143111,1
1709521484.195984,3
1709521484.242529,2
1709521484.269250,3
1709521484.319510,4
1709521484.360003,3
1709521484.388119,3
1709521484.434374,4
1709521484.455845,3
1709521484.474277,3
1709521484.496170,4
1709521484.515950,3
1709521484.538133,4
1709521484.565141,5
1709521484.585807,4
1709521484.614649,4
1709521484.661682,1
1709521484.684612,1
1709521484.709580,2
1709521484.754641,2
1709521484.786380,1
1709521484.834634,1
1709521484.859411,1
1709521484.883429,2
1709521484.943935,1
1709521484.969419,2
1709521485.002072,2
1709521485.048842,2
1709521485.081314,1
1709521485.105215,2
1709521485.125903,2
1709521485.157954,2
1709521485.197918,2
1709521485.267142,2
1709521485.286674,3
1709521485.306129,2
1709521485.325732,2
1709521485.362606,4
1709521485.385946,3
1709521485.431141,6
1709521485.504661,6
1709521485.526532,6
1709521485.552848,4
1709521485.576516,5
1709521485.601540,5
1709521485.656992,6
1709521485.702035,6
1709521485.729243,7
1709521485.764538,6
1709521485.826339,6
1709521485.893311,8
1709521485.921803,7
1709521485.983854,7
1709521486.004125,7
1709521486.041035,5
1709521486.077069,4
1709521486.104327,4
1709521486.122086,5
1709521486.147478,4
1709521486.191610,6
1709521486.223633,3
1709521486.247927,3
1709521486.281568,3
1709521486.309573,4
1709521486.337951,4
1709521486.361941,5
1709521486.386340,4
1709521486.414904,4
1709521486.473477,3
1709521486.510463,3
1709521486.538671,3
1709521486.571458,3
1709521486.595937,3
1709521486.619676,3
1709521486.657051,2
1709521486.678804,2
1709521486.711359,1
1709521486.736979,2
1709521486.803652,1
1709521486.823474,1
1709521486.845641,1
1709521486.885276,1
1709521486.909051,1
1709521486.928727,1
1709521486.949928,1
1709521486.988669,1
1709521487.018376,1
1709521487.070812,1
1709521487.106121,1
1709521487.147798,1
1709521487.168472,1
1709521487.220958,1
1709521487.268397,1
1709521487.320913,1
1709521487.367972,2
1709521487.398416,1
1709521487.425076,1
1709521487.465825,1
1709521487.511948,1
1709521487.550561,1
1709521487.585982,1
1709521487.605642,2
1709521487.632128,1
1709521487.660418,1
1709521487.686549,2
1709521487.708320,1
1709521487.730734,1
1709521487.770204,1
1709521487.819185,2
1709521487.843028,2
1709521487.881962,1
1709521487.916517,1
1709521487.970954,2
1709521488.030974,2
1709521488.079043,1
1709521488.101585,1
1709521488.122366,1
1709521488.140902,1
1709521488.185095,2
1709521488.230428,1
1709521488.284352,1
1709521488.309756,1
1709521488.365785,1
1709521488.390913,2
1709521488.431010,1
1709521488.452127,1
1709521488.495099,3
1709521488.520027,1
1709521488.541571,1
1709521488.564307,1
1709521488.586242,1
1709521488.625069,0
1709521488.667330,3
1709521488.707134,2
1709521488.744896,2
1709521488.829231,2
1709521488.911422,3
1709521488.968424,3
1709521489.019694,2
1709521489.050820,2
1709521489.077446,2
1709521489.133601,3
1709521489.154246,2
1709521489.181451,3
1709521489.229387,2
1709521489.259463,1
1709521489.284714,1
1709521489.332933,1
1709521489.359855,1
1709521489.381801,1
1709521489.406234,1
1709521489.437617,1
1709521489.459702,1
1709521489.496494,1
1709521489.525021,1
1709521489.605477,1
1709521489.625944,2
1709521489.680417,1
1709521489.702898,1
1709521489.728200,1
1709521489.768129,1
1709521489.788218,2
1709521489.812409,2
1709521489.872289,1
1709521489.892541,2
1709521489.915184,3
1709521489.941698,2
1709521490.007781,2
1709521490.037351,3
1709521490.100750,1
1709521490.122131,1
1709521490.150372,1
1709521490.208993,3
1709521490.232037,2
1709521490.278144,2
1709521490.303918,3
1709521490.327441,2
1709521490.371136,3
1709521490.424114,3
1709521490.455648,3
1709521490.495289,3
1709521490.551076,1
1709521490.584500,2
1709521490.625590,2
1709521490.643294,1
1709521490.679136,1
1709521490.728587,2
1709521490.750859,3
1709521490.772633,4
1709521490.807177,3
1709521490.827267,3
1709521490.889850,1
1709521490.917159,2
1709521490.955345,1
1709521490.978212,2
1709521491.002834,2
1709521491.024565,3
1709521491.061204,2
1709521491.096728,3
1709521491.123689,4
1709521491.197560,2
1709521491.238981,2
1709521491.302614,4
1709521491.345171,4
1709521491.365185,4
1709521491.393851,5
1709521491.447745,4
1709521491.515935,6
1709521491.544976,5
1709521491.567276,6
1709521491.594251,5
1709521491.652731,5
1709521491.676218,6
1709521491.719414,6
1709521491.756781,4
1709521491.808391,2
1709521491.830790,4
1709521491.856717,3
1709521491.876795,3
1709521491.908162,4
1709521491.948840,2
1709521492.007926,4
1709521492.029780,2
1709521492.051177,2
1709521492.083351,2
1709521492.143614,3
1709521492.165559,3
1709521492.197831,4
1709521492.233173,3
1709521492.270249,3
1709521492.314531,3
1709521492.344741,4
1709521492.365133,3
1709521492.389452,4
1709521492.416582,4
1709521492.449510,4
1709521492.477242,4
1709521492.518524,3
1709521492.540235,4
1709521492.572243,4
1709521492.599073,3
1709521492.639307,3
1709521492.663209,4
1709521492.695455,4
1709521492.717133,5
1709521492.737930,4
1709521492.760328,4
1709521492.782039,4
1709521492.828784,3
1709521492.851789,3
1709521492.871399,3
1709521492.895966,4
1709521492.918169,3
1709521492.937660,3
1709521492.965297,3
1709521492.985478,3
1709521493.019097,4
1709521493.047259,3
1709521493.096632,5
1709521493.124936,5
1709521493.156205,5
1709521493.198470,5
1709521493.272838,3
1709521493.295873,3
1709521493.317508,3
1709521493.370655,3
1709521493.417777,3
1709521493.469425,3
1709521493.493059,2
1709521493.557769,2
1709521493.579633,2
1709521493.601584,2
1709521493.626902,2
1709521493.680300,2
1709521493.705776,2
1709521493.737998,2
1709521493.781330,1
1709521493.808145,1
1709521493.831205,1
1709521493.866291,1
1709521493.888154,1
1709521493.942800,0
1709521493.966346,2
1709521493.997756,2
1709521494.041239,2
1709521494.062859,2
1709521494.090497,3
1709521494.148041,2
1709521494.197635,1
1709521494.232805,1
1709521494.255418,1
1709521494.315216,1
1709521494.337291,1
1709521494.405032,1
1709521494.430641,1
1709521494.453348,2
1709521494.478291,2
1709521494.516505,2
1709521494.564103,2
1709521494.586774,2
1709521494.608242,2
1709521494.631736,3
1709521494.650392,2
1709521494.713072,2
1709521494.736050,3
1709521494.789084,2
1709521494.815613,2
1709521494.841844,2
1709521494.866385,1
1709521494.891082,1
1709521494.915054,1
1709521494.957451,0
1709521494.977146,2
1709521495.015161,2
1709521495.037863,2
1709521495.058474,2
1709521495.082964,2
1709521495.109342,4
1709521495.156471,2
1709521495.215785,2
1709521495.249298,2
1709521495.293987,3
1709521495.338552,4
1709521495.359358,3
1709521495.387038,2
1709521495.437565,3
1709521495.470091,2
1709521495.490731,2
1709521495.512926,2
1709521495.566194,3
1709521495.606784,2
1709521495.630331,2
1709521495.692935,2
1709521495.714298,3
1709521495.770138,3
1709521495.797266,1
1709521495.821061,1
1709521495.848776,2
1709521495.881620,1
1709521495.902834,1
1709521495.930268,1
1709521495.983229,2
1709521496.007062,2
1709521496.047131,1
1709521496.072802,2
1709521496.096474,3
1709521496.135614,2
1709521496.169120,1
1709521496.209098,1
1709521496.253419,2
1709521496.291853,2
1709521496.318020,1
1709521496.363889,3
1709521496.400210,3
1709521496.430663,4
1709521496.472751,4
1709521496.494713,2
1709521496.518625,2
1709521496.539860,2
1709521496.585644,2
1709521496.623548,2
1709521496.644431,3
1709521496.666118,2
1709521496.738787,3
1709521496.759799,2
1709521496.781934,2
1709521496.806344,3
1709521496.852317,3
1709521496.878763,4
1709521496.925472,2
1709521496.963600,2
1709521496.984651,2
1709521497.004191,2
1709521497.025975,2
1709521497.046856,2
1709521497.088991,0
1709521497.113225,1
1709521497.134241,1
1709521497.162977,1
1709521497.184153,0
1709521497.206168,1
1709521497.257293,1
1709521497.288499,1
1709521497.325377,1
1709521497.360883,1
1709521497.383470,1
1709521497.437813,3
1709521497.487231,1
1709521497.519109,2
1709521497.546800,1
1709521497.584715,1
1709521497.606659,2
1709521497.631212,2
1709521497.653158,2
1709521497.690644,2
1709521497.724804,2
1709521497.763009,2
1709521497.788013,2
1709521497.815276,2
1709521497.866753,1
1709521497.905182,2
1709521497.981094,2
1709521498.048427,3
1709521498.081353,2
1709521498.123426,2
1709521498.143530,3
1709521498.171552,2
1709521498.191403,3
1709521498.215880,3
1709521498.263479,2
1709521498.286783,2
1709521498.347382,2
1709521498.367826,2
1709521498.388777,2
1709521498.409982,2
1709521498.474591,1
1709521498.505498,2
1709521498.568282,1
1709521498.598887,1
1709521498.624450,1
1709521498.660292,1
1709521498.687381,1
1709521498.739636,1
1709521498.768667,1
1709521498.794513,1
1709521498.828938,1
1709521498.861734,1
1709521498.894561,1
1709521498.919786,1
1709521498.951825,1
1709521498.977399,1
1709521499.016137,1
1709521499.040848,2
1709521499.111513,2
1709521499.140856,4
1709521499.167063,3
1709521499.191502,3
1709521499.216644,3
1709521499.239094,4
1709521499.282052,3
1709521499.306019,4
1709521499.344217,3
1709521499.387581,2
1709521499.407756,2
1709521499.435644,2
1709521499.462402,2
1709521499.509075,1
1709521499.544031,0
1709521499.571912,1
1709521499.601598,1
1709521499.664386,2
1709521499.687309,2
1709521499.729912,2
1709521499.751800,2
1709521499.776978,2
1709521499.801097,2
1709521499.851426,3
1709521499.870736,2
1709521499.903967,3
1709521499.962561,2
1709521499.986570,2
1709521500.021563,2
1709521500.048014,2
1709521500.103171,2
1709521500.128043,2
1709521500.171400,2
1709521500.204053,2
1709521500.243199,2
1709521500.273041,2
1709521500.309173,3
1709521500.331864,2
1709521500.370132,2
1709521500.413696,2
1709521500.472885,2
1709521500.504046,2
1709521500.530781,1
1709521500.556725,1
1709521500.590978,2
1709521500.611570,1
1709521500.655213,1
1709521500.687133,1
1709521500.707541,2
1709521500.747441,2
1709521500.767447,3
1709521500.788280,2
1709521500.833041,2
1709521500.861594,2
1709521500.883694,2
1709521500.903036,3
1709521500.948293,3
1709521501.000433,3
1709521501.031087,3
1709521501.056771,4
1709521501.088512,3
1709521501.114675,3
1709521501.133128,4
1709521501.170608,4
1709521501.197790,3
1709521501.219099,3
1709521501.237835,5
1709521501.257288,3
1709521501.280604,3
1709521501.327139,2
1709521501.370660,2
1709521501.390555,2
1709521501.415430,3
1709521501.436407,2
1709521501.488544,1
1709521501.518939,1
1709521501.551742,1
1709521501.598694,1
1709521501.639332,1
1709521501.664745,1
1709521501.707132,2
1709521501.757694,1
1709521501.788915,1
1709521501.834719,1
1709521501.869159,1
1709521501.893085,1
1709521501.919841,0
1709521501.970621,1
1709521502.025153,2
1709521502.050813,2
1709521502.123420,2
1709521502.162088,2
1709521502.200299,1
1709521502.238684,1
1709521502.286569,3
1709521502.315955,2
1709521502.348574,2
1709521502.368946,2
1709521502.401545,1
1709521502.482896,2
1709521502.510624,2
1709521502.537791,2
1709521502.557849,2
1709521502.605413,2
1709521502.636720,2
1709521502.660185,2
1709521502.681865,3
1709521502.705518,2
1709521502.735988,3
1709521502.791425,2
1709521502.820938,2
1709521502.851869,2
1709521502.891190,2
1709521502.923713,2
1709521502.948301,1
1709521502.985851,1
1709521503.016727,1
1709521503.058295,3
1709521503.117130,3
1709521503.139013,3
1709521503.190682,2
1709521503.242432,2
1709521503.267060,2
1709521503.307231,1
1709521503.331073,2
1709521503.375246,2
1709521503.394681,2
1709521503.451308,1
1709521503.491531,1
1709521503.521028,1
1709521503.541646,1
1709521503.586979,1
1709521503.621777,2
1709521503.642991,2
1709521503.671207,2
1709521503.692281,2
1709521503.723304,3
1709521503.758816,3
1709521503.803486,3
1709521503.821295,3
1709521503.846945,3
1709521503.871653,3
1709521503.917738,1
1709521503.941674,1
1709521503.983597,1
1709521504.016879,1
1709521504.080567,3
1709521504.110231,2
1709521504.165536,3
1709521504.190562,4
1709521504.228312,2
1709521504.289924,1
1709521504.318882,3
1709521504.366125,2
1709521504.397911,1
1709521504.424288,1
1709521504.452153,1
1709521504.474905,1
1709521504.519809,1
1709521504.541131,2
1709521504.582201,1
1709521504.601202,1
1709521504.625377,1
1709521504.645913,1
1709521504.667775,1
1709521504.686800,1
1709521504.713157,1
1709521504.788060,2
1709521504.813294,3
1709521504.835339,2
1709521504.864311,2
1709521504.922715,2
1709521504.976735,1
1709521504.995882,2
1709521505.019035,2
1709521505.043052,2
1709521505.092646,3
1709521505.146025,2
1709521505.173451,3
1709521505.198229,3
1709521505.241597,3
1709521505.287945,3
1709521505.308480,3
1709521505.334358,4
1709521505.384497,4
1709521505.417716,6
1709521505.443331,5
1709521505.488567,5
1709521505.523876,6
1709521505.550368,5
1709521505.606775,2
1709521505.626687,2
1709521505.654914,2
1709521505.676917,1
1709521505.714491,2
1709521505.765843,3
1709521505.820568,1
1709521505.842880,2
1709521505.871326,2
1709521505.896555,2
1709521505.957832,1
1709521505.998063,2
1709521506.041009,2
1709521506.062710,2
1709521506.093349,2
1709521506.117705,1
1709521506.157132,1
1709521506.182075,1
1709521506.217188,1
1709521506.244683,1
1709521506.299474,2
1709521506.318801,2
1709521506.346697,2
1709521506.395063,2
1709521506.429938,2
1709521506.463602,3
1709521506.508995,3
1709521506.541252,1
1709521506.567024,1
1709521506.594670,1
1709521506.640692,1
1709521506.665364,2
1709521506.690148,2
1709521506.755541,3
1709521506.784434,3
1709521506.807997,4
1709521506.842667,3
1709521506.903722,3
1709521506.929410,4
1709521506.960473,3
1709521507.008149,0
1709521507.038520,2
1709521507.079329,1
1709521507.124022,3
1709521507.144287,3
1709521507.192413,2
1709521507.233042,3
1709521507.259534,3
1709521507.280074,3
1709521507.318402,3
1709521507.338953,3
1709521507.369447,3
1709521507.417129,1
1709521507.447789,1
1709521507.490613,1
1709521507.512706,2
1709521507.535201,1
1709521507.559551,1
1709521507.580305,2
1709521507.604425,1
1709521507.660337,1
1709521507.685910,1
1709521507.728488,2
1709521507.771063,2
1709521507.794837,2
1709521507.838860,2
1709521507.909200,1
1709521507.926191,1
1709521507.957372,1
1709521507.988453,2
1709521508.022653,1
1709521508.044147,1
1709521508.065078,1
1709521508.087411,1
1709521508.109680,1
1709521508.163404,2
1709521508.185285,0
1709521508.207166,1
1709521508.230513,1
1709521508.266662,1
1709521508.286718,1
1709521508.315254,1
1709521508.361591,1
1709521508.398303,1
1709521508.423115,1
1709521508.500382,2
1709521508.521633,2
1709521508.564058,1
1709521508.605871,1
1709521508.627366,1
1709521508.667230,1
1709521508.706017,1
1709521508.762616,1
1709521508.788834,1
1709521508.812361,1
1709521508.841504,2
1709521508.864649,2
1709521508.915183,2
1709521508.942358,1
1709521508.974032,2
1709521509.023079,1
1709521509.062161,2
1709521509.096873,0
1709521509.119536,1
1709521509.155611,1
1709521509.176490,1
1709521509.208155,2
1709521509.256384,1
1709521509.288615,2
1709521509.317778,2
1709521509.351629,2
1709521509.431842,2
1709521509.470776,2
1709521509.494426,2
1709521509.521324,4
1709521509.563678,1
1709521509.586082,1
1709521509.635184,0
1709521509.658393,2
1709521509.682782,2
1709521509.748156,2
1709521509.769288,1
1709521509.789741,1
1709521509.822529,1
1709521509.848351,1
1709521509.868950,1
1709521509.904848,3
1709521509.929085,2
1709521509.983209,2
1709521510.004068,2
1709521510.026433,3
1709521510.080253,2
1709521510.137490,1
1709521510.184568,2
1709521510.211652,2
1709521510.268407,3
1709521510.308555,1
1709521510.329090,1
1709521510.350535,1
1709521510.408771,2
1709521510.431681,3
1709521510.453630,3
1709521510.474741,3
1709521510.504519,3
1709521510.528331,3
1709521510.552635,3
1709521510.598488,3
1709521510.629000,4
1709521510.684373,3
1709521510.707927,3
1709521510.732148,3
1709521510.771455,4
1709521510.837747,3
1709521510.864732,2
1709521510.908247,3
1709521510.930523,4
1709521510.979220,3
1709521510.998909,3
1709521511.032931,3
1709521511.065674,3
1709521511.116820,1
1709521511.144758,1
1709521511.185285,2
1709521511.210513,1
1709521511.268249,2
1709521511.296134,2
1709521511.318270,2
1709521511.351017,2
1709521511.389425,1
1709521511.416507,1
1709521511.459077,1
1709521511.480929,2
1709521511.514299,1
1709521511.550553,2
1709521511.576836,3
1709521511.619790,3
1709521511.689439,2
1709521511.731578,2
1709521511.772788,2
1709521511.794039,2
1709521511.884236,2
1709521511.907926,2
1709521511.929710,2
1709521511.948270,2
1709521511.973882,2
1709521511.993097,2
1709521512.014980,2
1709521512.069809,1
1709521512.121129,2
1709521512.154972,2
1709521512.188269,2
1709521512.236551,2
1709521512.265624,2
1709521512.299647,1
1709521512.326148,3
1709521512.355226,1
1709521512.401656,2
1709521512.431678,2
1709521512.464285,2
1709521512.500986,2
1709521512.520788,3
1709521512.582337,3
1709521512.608276,3
1709521512.642595,4
1709521512.668686,3
1709521512.695199,3
1709521512.716528,5
1709521512.744705,2
1709521512.804145,2
1709521512.834137,3
1709521512.872709,2
1709521512.899313,2
1709521512.935897,1
1709521512.962641,2
1709521513.009723,2
1709521513.062912,1
1709521513.092807,2
1709521513.118772,2
1709521513.144746,2
1709521513.173452,2
1709521513.198041,2
1709521513.258423,2
1709521513.278558,2
1709521513.318562,2
1709521513.379891,2
1709521513.417188,1
1709521513.448823,2
1709521513.476148,3
1709521513.500697,3
1709521513.556177,2
1709521513.577458,2
1709521513.647058,2
1709521513.677311,2
1709521513.703995,2
1709521513.727527,2
1709521513.753089,1
1709521513.776761,2
1709521513.831025,2
1709521513.854718,2
1709521513.902037,2
1709521513.923998,2
1709521513.955782,2
1709521514.008856,1
1709521514.049331,0
1709521514.080632,1
1709521514.101182,2
1709521514.126446,2
1709521514.198314,2
1709521514.264413,3
1709521514.293565,3
1709521514.316138,3
1709521514.355753,2
1709521514.379519,2
1709521514.429480,2
1709521514.463903,2
1709521514.481583,2
1709521514.498698,2
1709521514.542793,3
1709521514.565667,4
1709521514.602572,4
1709521514.623376,4
1709521514.669888,3
1709521514.692599,5
1709521514.732826,5
1709521514.763796,6
1709521514.817716,4
1709521514.850966,4
1709521514.915273,1
1709521514.952700,1
1709521514.980029,1
1709521515.015234,1
1709521515.047487,1
1709521515.093779,1
1709521515.134598,1
1709521515.166225,2
1709521515.204395,1
1709521515.229487,1
1709521515.282740,3
1709521515.307749,2
1709521515.330166,2
1709521515.371985,3
1709521515.399486,2
1709521515.447993,4
1709521515.474785,2
1709521515.515879,3
1709521515.538053,4
1709521515.575307,2
1709521515.601777,2
1709521515.644269,3
1709521515.684617,2
1709521515.708220,2
1709521515.736013,2
1709521515.797961,2
1709521515.828753,1
1709521515.851919,1
1709521515.874694,1
1709521515.900064,1
1709521515.953679,1
1709521515.977010,1
1709521516.035833,1
1709521516.059250,2
1709521516.082040,2
1709521516.118875,3
1709521516.148917,1
1709521516.183281,1
1709521516.207803,1
1709521516.232525,1
1709521516.281528,2
1709521516.331998,2
1709521516.355531,2
1709521516.375856,2
1709521516.397349,2
1709521516.424738,3
1709521516.489814,2
1709521516.517069,2
1709521516.552181,3
1709521516.609695,3
1709521516.637906,3
1709521516.668100,1
1709521516.689945,1
1709521516.715227,1
1709521516.735801,1
1709521516.764066,1
1709521516.783927,1
1709521516.806849,1
1709521516.856361,0
1709521516.908415,1
1709521516.936136,2
1709521516.965494,1
1709521517.005735,1
1709521517.029541,1
1709521517.060920,1
1709521517.106687,1
1709521517.127234,1
1709521517.156118,1
1709521517.178733,2
1709521517.213808,1
1709521517.236964,2
1709521517.284722,0
1709521517.319001,1
1709521517.342812,1
1709521517.368910,1
1709521517.407531,1
1709521517.431178,1
1709521517.459451,1
1709521517.505137,2
1709521517.525224,3
1709521517.549798,3
1709521517.600246,3
1709521517.626079,3
1709521517.671273,2
1709521517.707371,2
1709521517.730740,3
1709521517.753684,2
1709521517.781257,2
1709521517.812449,2
1709521517.850839,2
1709521517.875382,2
1709521517.916005,2
1709521517.950698,2
1709521517.972675,3
1709521517.994707,2
1709521518.043531,2
1709521518.066020,2
1709521518.110292,2
1709521518.161241,2
1709521518.205889,2
1709521518.236646,1
1709521518.273556,2
1709521518.307673,3
1709521518.327634,3
1709521518.383640,3
1709521518.409408,3
1709521518.432184,3
1709521518.455085,3
1709521518.534652,3
1709521518.563535,4
1709521518.589975,4
1709521518.616228,3
1709521518.657466,3
1709521518.688061,3
1709521518.712692,3
1709521518.745422,3
1709521518.767426,3
1709521518.818985,2
1709521518.888660,1
1709521518.907797,1
1709521518.935964,1
1709521518.957016,1
1709521518.997619,1
1709521519.016161,1
1709521519.036814,1
1709521519.073434,0
1709521519.105616,4
1709521519.134477,4
1709521519.162963,5
1709521519.214195,4
1709521519.236936,4
1709521519.262782,5
1709521519.302305,4
1709521519.327094,4
1709521519.385580,4
1709521519.425277,4
1709521519.448701,4
1709521519.469564,5
1709521519.500563,4
1709521519.549593,5
1709521519.582907,4
1709521519.602455,4
1709521519.648290,4
1709521519.672607,5
1709521519.700349,4
1709521519.783242,2
1709521519.805758,2
1709521519.829453,2
1709521519.851555,2
1709521519.909641,1
1709521519.935154,1
1709521519.982558,1
1709521520.050512,0
1709521520.072508,0
1709521520.095078,0
1709521520.121572,0
1709521520.157938,1
1709521520.178747,2
1709521520.199663,3
1709521520.219826,1
1709521520.269160,2
1709521520.294248,2
1709521520.314117,2
1709521520.341398,2
1709521520.387704,3
1709521520.437359,3
1709521520.466403,3
1709521520.503467,3
1709521520.558014,3
1709521520.582936,3
1709521520.603412,3
1709521520.633398,3
1709521520.687580,3
1709521520.753214,4
1709521520.781094,3
1709521520.810182,3
1709521520.835216,4
1709521520.872518,3
1709521520.892111,3
1709521520.919561,3
1709521520.960928,2
1709521520.992813,3
1709521521.016072,2
1709521521.038782,2
1709521521.068797,3
1709521521.090523,3
1709521521.171423,1
1709521521.195020,2
1709521521.219618,1
1709521521.248780,1
1709521521.322368,1
1709521521.352347,1
1709521521.426970,2
1709521521.453994,1
1709521521.482329,2
1709521521.534451,3
1709521521.586221,2
1709521521.606429,2
1709521521.632250,2
1709521521.717584,3
1709521521.739312,1
1709521521.763148,1
1709521521.802575,2
1709521521.847731,2
1709521521.870952,2
1709521521.899425,2
1709521521.963457,1
1709521522.007359,1
1709521522.061041,3
1709521522.086378,2
1709521522.123464,2
1709521522.146615,2
1709521522.184558,2
1709521522.215280,2
1709521522.262918,3
1709521522.281950,2
1709521522.310109,2
1709521522.337609,2
1709521522.395869,1
1709521522.433010,1
1709521522.457327,1
1709521522.481518,1
1709521522.505537,1
1709521522.536383,1
1709521522.569704,2
1709521522.602974,2
1709521522.624153,2
1709521522.655375,2
1709521522.676623,1
1709521522.735237,1
1709521522.797469,1
1709521522.834707,2
1709521522.861688,3
1709521522.895305,3
1709521522.920201,3
1709521522.965078,4
1709521522.999717,3
1709521523.023241,3
1709521523.071188,4
1709521523.092448,3
1709521523.130983,3
1709521523.157678,3
1709521523.186040,4
1709521523.220572,3
1709521523.279109,3
1709521523.302716,3
1709521523.364622,2
1709521523.385560,2
1709521523.412422,2
1709521523.439779,2
1709521523.491272,1
1709521523.524806,1
1709521523.556406,2
1709521523.580927,2
1709521523.603983,2
1709521523.654217,2
1709521523.694122,1
1709521523.731797,2
1709521523.763540,2
1709521523.785166,3
1709521523.829577,3
1709521523.876720,3
1709521523.899827,2
1709521523.922646,2
1709521523.974274,2
1709521524.011956,2
1709521524.051429,3
1709521524.072502,3
1709521524.116593,3
1709521524.139275,5
1709521524.185532,5
1709521524.221430,6
1709521524.260192,4
1709521524.290569,4
1709521524.332916,5
1709521524.355741,5
1709521524.378474,4
1709521524.437832,3
1709521524.464368,3
1709521524.496945,2
1709521524.533435,3
1709521524.558949,4
1709521524.594289,4
1709521524.645142,2
1709521524.687455,1
1709521524.708524,1
1709521524.750296,1
1709521524.789297,1
1709521524.856678,2
1709521524.877229,1
1709521524.909832,1
1709521524.934949,1
1709521524.980326,1
1709521525.017426,3
1709521525.037152,2
1709521525.058492,2
1709521525.083474,2
1709521525.133201,2
1709521525.182749,1
1709521525.231955,2
1709521525.265907,1
1709521525.312405,0
1709521525.336113,2
1709521525.366598,1
1709521525.394679,1
1709521525.441798,1
1709521525.470384,2
1709521525.489653,1
1709521525.529003,2
1709521525.574318,2
1709521525.601964,2
1709521525.629203,3
1709521525.741220,2
1709521525.782797,2
1709521525.834648,2
1709521525.880293,0
1709521525.903312,2
1709521525.933954,2
1709521526.000893,3
1709521526.039048,3
1709521526.062213,3
1709521526.087510,3
1709521526.146715,5
1709521526.181355,4
1709521526.204062,5
1709521526.228504,4
1709521526.265811,5
1709521526.295050,4
1709521526.351658,4
1709521526.380301,4
1709521526.405211,3
1709521526.430429,3
1709521526.469672,3
1709521526.488554,4
1709521526.511536,3
1709521526.546958,3
1709521526.599332,3
1709521526.625037,4
1709521526.647964,4
1709521526.674119,4
1709521526.716501,4
1709521526.759012,4
1709521526.797725,4
1709521526.837462,4
1709521526.856205,5
1709521526.883779,5
1709521526.929923,5
1709521526.971201,5
1709521526.992342,5
1709521527.013115,5
1709521527.064360,6
1709521527.088205,5
1709521527.149765,4
1709521527.171906,0
1709521527.192859,0
1709521527.228432,0
1709521527.253411,0
1709521527.284713,0
1709521527.304403,0
1709521527.324355,0
1709521527.346047,0
1709521527.388124,0
1709521527.433377,0
1709521527.456050,0
1709521527.480247,0
1709521527.521009,0
1709521527.546421,0
1709521527.591500,0
1709521527.610733,0
1709521527.632996,0
1709521527.661805,0
1709521527.706294,0
1709521527.736506,0
1709521527.764364,0
1709521527.805248,0
1709521527.833756,0
1709521527.854804,0
1709521527.919928,0
1709521527.940563,0
1709521527.988218,0
1709521528.011900,0
1709521528.036652,0
1709521528.068532,0
1709521528.123002,0
1709521528.150562,0
1709521528.174129,0
1709521528.211724,0
1709521528.234651,0
1709521528.252959,0
1709521528.283765,0
1709521528.329414,0
1709521528.362576,0
1709521528.391446,0
1709521528.418386,0
1709521528.457295,0
1709521528.478067,0
1709521528.499681,0
1709521528.549844,0
1709521528.570087,0
1709521528.590892,0
1709521528.613878,0
1709521528.637184,0
1709521528.664131,0
1709521528.707603,0
1709521528.731143,0
1709521528.793768,0
1709521528.821076,0
1709521528.845521,0
1709521528.869352,0
1709521528.910220,0
1709521528.931896,0
1709521528.972312,0
1709521528.996335,0
1709521529.015609,0
1709521529.041175,0
1709521529.106117,0
1709521529.127118,0
1709521529.161299,0
1709521529.186620,0
1709521529.220274,0
1709521529.240499,0
1709521529.281957,0
1709521529.310766,0
1709521529.331406,0
1709521529.355578,0
1709521529.400354,0
1709521529.454665,0
1709521529.480734,0
1709521529.500560,0
1709521529.523282,0
1709521529.543807,0
1709521529.567323,0
