1709521896.667139,0
1709521896.693223,0
1709521896.756517,0
1709521896.836990,0
1709521896.874787,1
1709521896.923532,0
1709521897.031765,0
1709521897.056182,0
1709521897.089195,1
1709521897.151106,0
1709521897.209239,0
1709521897.282769,0
1709521897.314562,0
1709521897.361646,1
1709521897.388330,0
1709521897.430908,0
1709521897.455381,0
1709521897.521043,0
1709521897.552284,0
1709521897.581519,1
1709521897.666691,0
1709521897.701524,1
1709521897.735716,0
1709521897.761664,1
1709521897.789157,0
1709521897.862653,0
1709521897.901244,0
1709521897.935994,0
1709521898.013378,0
1709521898.035812,0
1709521898.062902,1
1709521898.085168,0
1709521898.114410,0
1709521898.193855,2
1709521898.218577,0
1709521898.246955,0
1709521898.279502,0
1709521898.316208,1
1709521898.357391,0
1709521898.412069,1
1709521898.501798,1
1709521898.553674,0
1709521898.585060,0
1709521898.661567,0
1709521898.704082,0
1709521898.768131,0
1709521898.792386,0
1709521898.816231,0
1709521898.881667,0
1709521898.936324,1
1709521898.968105,0
1709521899.045725,4
1709521899.074683,1
1709521899.169349,2
1709521899.223121,0
1709521899.262051,0
1709521899.337239,0
1709521899.368506,0
1709521899.447379,0
1709521899.491781,0
1709521899.517920,0
1709521899.587296,0
1709521899.641040,0
1709521899.665219,2
1709521899.694442,1
1709521899.731699,0
1709521899.761451,1
1709521899.795333,0
1709521899.866094,1
1709521899.893760,0
1709521899.919903,1
1709521899.946028,0
1709521899.970960,0
1709521900.002755,0
1709521900.041149,1
1709521900.111888,2
1709521900.155200,0
1709521900.220052,0
1709521900.310799,0
1709521900.425065,0
1709521900.487425,0
1709521900.606633,0
1709521900.856946,0
1709521900.878741,0
1709521900.897956,0
1709521900.927057,0
1709521900.952039,0
1709521900.983868,0
1709521901.049362,2
1709521901.079494,0
1709521901.099105,0
1709521901.150814,1
1709521901.178395,0
1709521901.237019,0
1709521901.290307,0
1709521901.316456,0
1709521901.352586,0
1709521901.378100,0
1709521901.440526,1
1709521901.461001,0
1709521901.481074,0
1709521901.504078,0
1709521901.524010,0
1709521901.557590,0
1709521901.577131,1
1709521901.610140,0
1709521901.653651,0
1709521901.672859,0
1709521901.731428,0
1709521901.753473,0
1709521901.775469,0
1709521901.795105,0
1709521901.825548,0
1709521901.876497,0
1709521901.911511,0
1709521901.963249,0
1709521902.006658,1
1709521902.066580,0
1709521902.120901,0
1709521902.147939,0
1709521902.179285,0
1709521902.216679,0
1709521902.238734,0
1709521902.260006,1
1709521902.313828,0
1709521902.335370,1
1709521902.397416,0
1709521902.431151,1
1709521902.455415,1
1709521902.476296,0
1709521902.532710,0
1709521902.578343,1
1709521902.611181,0
1709521902.634045,0
1709521902.663300,0
1709521902.688333,0
1709521902.744771,0
1709521902.795723,0
1709521902.816172,0
1709521902.850206,0
1709521902.880057,0
1709521902.899455,1
1709521902.923248,0
1709521902.967226,0
1709521902.992356,0
1709521903.032233,0
1709521903.053562,0
1709521903.091112,0
1709521903.114664,0
1709521903.147126,1
1709521903.220719,1
1709521903.241847,1
1709521903.286967,1
1709521903.308419,1
1709521903.338781,0
1709521903.363861,0
1709521903.413331,0
1709521903.452533,0
1709521903.475505,1
1709521903.529743,0
1709521903.556163,0
1709521903.612932,0
1709521903.701776,0
1709521903.727431,0
1709521903.752256,0
1709521903.783576,0
1709521903.807962,0
1709521903.834992,0
1709521903.876978,0
1709521903.926569,0
1709521903.966007,0
1709521903.995365,0
1709521904.018652,1
1709521904.042754,0
1709521904.070555,0
1709521904.119151,1
1709521904.144852,0
1709521904.170686,0
1709521904.206473,1
1709521904.241249,0
1709521904.266966,0
1709521904.289709,0
1709521904.315908,0
1709521904.372305,0
1709521904.395398,0
1709521904.429527,0
1709521904.453965,1
1709521904.490981,0
1709521904.544122,1
1709521904.572949,0
1709521904.596787,0
1709521904.617537,0
1709521904.642778,0
1709521904.666704,0
1709521904.708809,1
1709521904.728359,0
1709521904.773491,0
1709521904.800436,0
1709521904.820911,1
1709521904.844346,0
1709521904.870159,0
1709521904.891767,0
1709521904.915964,0
1709521904.949931,0
1709521904.992682,0
1709521905.011305,0
1709521905.061416,1
1709521905.085963,0
1709521905.125437,0
1709521905.169165,0
1709521905.193234,0
1709521905.217929,0
1709521905.279991,0
1709521905.301694,0
1709521905.323264,0
1709521905.345327,1
1709521905.405245,1
1709521905.429671,0
1709521905.457509,0
1709521905.483188,0
1709521905.544385,1
1709521905.574563,0
1709521905.603113,0
1709521905.626982,0
1709521905.652310,0
1709521905.672829,0
1709521905.692100,0
1709521905.742996,0
1709521905.761366,0
1709521905.780602,1
1709521905.806199,0
1709521905.831365,0
1709521905.855137,0
1709521905.876804,0
1709521905.896419,0
1709521905.942739,0
1709521906.004072,1
1709521906.028311,0
1709521906.051028,0
1709521906.118700,1
1709521906.156908,0
1709521906.233046,0
1709521906.268780,0
1709521906.307421,3
1709521906.344301,1
1709521906.367393,1
1709521906.402603,0
1709521906.472544,0
1709521906.522460,0
1709521906.547416,0
1709521906.576960,0
1709521906.625519,0
1709521906.696906,0
1709521906.719912,0
1709521906.742041,0
1709521906.762288,0
1709521906.793741,0
1709521906.814524,0
1709521906.845793,0
1709521906.874013,0
1709521906.897234,0
1709521906.919346,1
1709521906.947267,0
1709521906.986547,1
1709521907.008104,0
1709521907.034045,1
1709521907.081444,2
1709521907.101735,0
1709521907.131727,2
1709521907.167539,0
1709521907.189123,0
1709521907.214884,0
1709521907.272206,0
1709521907.326654,1
1709521907.350031,0
1709521907.380839,0
1709521907.454467,0
1709521907.484197,0
1709521907.522972,0
1709521907.580834,0
1709521907.621505,0
1709521907.702654,1
1709521907.726622,0
1709521907.748494,0
1709521907.773672,0
1709521907.820825,1
1709521907.848016,0
1709521907.868713,0
1709521907.925213,0
1709521907.948575,0
1709521907.980181,0
1709521908.022779,0
1709521908.059224,0
1709521908.086124,0
1709521908.130825,1
1709521908.155072,0
1709521908.197701,3
1709521908.220330,1
1709521908.249108,1
1709521908.270130,0
1709521908.295094,0
1709521908.345217,1
1709521908.367946,0
1709521908.392709,0
1709521908.465647,0
1709521908.510836,0
1709521908.539483,0
1709521908.563116,0
1709521908.585083,0
1709521908.650979,1
1709521908.670987,0
1709521908.695556,1
1709521908.747330,0
1709521908.774991,0
1709521908.796084,0
1709521908.816660,0
1709521908.845703,1
1709521908.897655,0
1709521908.930554,0
1709521908.951153,0
1709521908.978862,0
1709521909.003357,0
1709521909.028637,1
1709521909.077995,0
1709521909.107098,0
1709521909.167263,0
1709521909.191775,1
1709521909.224627,0
1709521909.266583,0
1709521909.312269,2
1709521909.338707,0
1709521909.358924,0
1709521909.382014,0
1709521909.422903,0
1709521909.459698,0
1709521909.484926,0
1709521909.513685,0
1709521909.553327,0
1709521909.576832,0
1709521909.602832,1
1709521909.624449,0
1709521909.668303,0
1709521909.691921,0
1709521909.718843,0
1709521909.766403,1
1709521909.801311,0
1709521909.825943,0
1709521909.886661,0
1709521909.915366,0
1709521909.939251,1
1709521909.994817,0
1709521910.039477,0
1709521910.066900,0
1709521910.102266,0
1709521910.121432,0
1709521910.154891,0
1709521910.177232,1
1709521910.198928,0
1709521910.218125,1
1709521910.241362,0
1709521910.285509,0
1709521910.305688,0
1709521910.324492,1
1709521910.347197,0
1709521910.366819,0
1709521910.398735,0
1709521910.423264,0
1709521910.446609,0
1709521910.477127,0
1709521910.513859,2
1709521910.560083,1
1709521910.582503,0
1709521910.625936,0
1709521910.686242,1
1709521910.708844,1
1709521910.772585,0
1709521910.798545,0
1709521910.835331,0
1709521910.860167,0
1709521910.907307,0
1709521910.928780,0
1709521910.958333,0
1709521910.981059,0
1709521911.021362,0
1709521911.049213,0
1709521911.069920,0
1709521911.093035,0
1709521911.138892,1
1709521911.190047,0
1709521911.219222,1
1709521911.253058,0
1709521911.278854,0
1709521911.304158,0
1709521911.354097,1
1709521911.376880,0
1709521911.427530,0
1709521911.454209,2
1709521911.498024,1
1709521911.547045,0
1709521911.580430,0
1709521911.607219,0
1709521911.656041,0
1709521911.709142,0
1709521911.736611,0
1709521911.760186,0
1709521911.782455,0
1709521911.805468,0
1709521911.823782,0
1709521911.843251,0
1709521911.867886,0
1709521911.927882,1
1709521911.948375,0
1709521911.972226,0
1709521912.000323,0
1709521912.020446,0
1709521912.042643,0
1709521912.069311,0
1709521912.088625,0
1709521912.112288,0
1709521912.161052,0
1709521912.232808,0
1709521912.257669,0
1709521912.297598,0
1709521912.353756,0
1709521912.381160,0
1709521912.402494,0
1709521912.452661,0
1709521912.478614,0
1709521912.525603,0
1709521912.578467,0
1709521912.599351,0
1709521912.618846,0
1709521912.657238,0
1709521912.677922,0
1709521912.743309,0
1709521912.783633,0
1709521912.815526,0
1709521912.837641,0
1709521912.860037,0
1709521912.880436,0
1709521912.904915,0
1709521912.959949,0
1709521912.983657,0
1709521913.035019,0
1709521913.058118,1
1709521913.090385,0
1709521913.114096,0
1709521913.159294,1
1709521913.179908,1
1709521913.198911,0
1709521913.245719,0
1709521913.269147,0
1709521913.302156,0
1709521913.325216,1
1709521913.372483,0
1709521913.420094,0
1709521913.497736,0
1709521913.521972,0
1709521913.570698,0
1709521913.613997,0
1709521913.639801,0
1709521913.698447,0
1709521913.727028,0
1709521913.752970,0
1709521913.772969,1
1709521913.793863,0
1709521913.819761,0
1709521913.840494,0
1709521913.862288,0
1709521913.898990,0
1709521913.918438,0
1709521913.962226,0
1709521913.988491,0
1709521914.011691,1
1709521914.043668,0
1709521914.068166,1
1709521914.115096,0
1709521914.140558,0
1709521914.172673,0
1709521914.209267,1
1709521914.229272,0
1709521914.256292,0
1709521914.276162,0
1709521914.317749,0
1709521914.360661,1
1709521914.380243,0
1709521914.425161,0
1709521914.447457,0
1709521914.471278,1
1709521914.521780,0
1709521914.552082,0
1709521914.571309,0
1709521914.618207,1
1709521914.647669,0
1709521914.678815,1
1709521914.708957,1
1709521914.728781,0
1709521914.752075,0
1709521914.777097,0
1709521914.821238,0
1709521914.842857,0
1709521914.900472,0
1709521914.929749,0
1709521914.950352,0
1709521914.980257,0
1709521915.023280,1
1709521915.051435,0
1709521915.071753,0
1709521915.093262,1
1709521915.138484,0
1709521915.157753,0
1709521915.189626,1
1709521915.213842,0
1709521915.259062,0
1709521915.281749,0
1709521915.319807,0
1709521915.339870,0
1709521915.361724,0
1709521915.384277,0
1709521915.406844,0
1709521915.454256,0
1709521915.483756,0
1709521915.508178,0
1709521915.547801,0
1709521915.596057,0
1709521915.636945,0
1709521915.664645,0
1709521915.690319,0
1709521915.710300,0
1709521915.744346,0
1709521915.774956,0
1709521915.840139,1
1709521915.861049,0
1709521915.881274,0
1709521915.908005,0
1709521915.928164,0
1709521915.953167,0
1709521915.994092,1
1709521916.012811,0
1709521916.048281,1
1709521916.071372,1
1709521916.099200,1
1709521916.124767,1
1709521916.165542,0
1709521916.187823,1
1709521916.235761,0
1709521916.263877,1
1709521916.288018,0
1709521916.346304,1
1709521916.374809,0
1709521916.401250,0
1709521916.425030,0
1709521916.444018,0
1709521916.468224,0
1709521916.493095,1
1709521916.516665,0
1709521916.543510,0
1709521916.572001,0
1709521916.635083,0
1709521916.663625,0
1709521916.685136,0
1709521916.733504,0
1709521916.778775,0
1709521916.810606,0
1709521916.855891,0
1709521916.877536,0
1709521916.918093,0
1709521916.950478,1
1709521917.009440,0
1709521917.069875,0
1709521917.097004,0
1709521917.116934,0
1709521917.142302,0
1709521917.174689,0
1709521917.236889,2
1709521917.310035,1
1709521917.333475,0
1709521917.361518,0
1709521917.392094,0
1709521917.442292,0
1709521917.467160,0
1709521917.486331,0
1709521917.519367,1
1709521917.544612,1
1709521917.574606,0
1709521917.597256,0
1709521917.651267,0
1709521917.672978,0
1709521917.717979,1
1709521917.751235,0
1709521917.807507,1
1709521917.832021,0
1709521917.855406,0
1709521917.877878,1
1709521917.925777,0
1709521917.984201,1
1709521918.013740,1
1709521918.043109,0
1709521918.093841,0
1709521918.147809,0
1709521918.217464,0
1709521918.243966,0
1709521918.272261,0
1709521918.299445,1
1709521918.352228,0
1709521918.373157,0
1709521918.397468,0
1709521918.420579,0
1709521918.457803,0
1709521918.527359,0
1709521918.558690,1
1709521918.589471,0
1709521918.626930,0
1709521918.651206,0
1709521918.691945,0
1709521918.712068,0
1709521918.759711,0
1709521918.788815,0
1709521918.811207,1
1709521918.849883,1
1709521918.882151,0
1709521918.910973,0
1709521918.984574,1
1709521919.003363,0
1709521919.026942,0
1709521919.083171,0
1709521919.105829,0
1709521919.126564,0
1709521919.149621,0
1709521919.173151,1
1709521919.192386,0
1709521919.243689,0
1709521919.270488,1
1709521919.302878,0
1709521919.328820,0
1709521919.353457,1
1709521919.375666,0
1709521919.400450,0
1709521919.425886,0
1709521919.452163,1
1709521919.494571,0
1709521919.519205,0
1709521919.540563,0
1709521919.607393,0
1709521919.629673,0
1709521919.671277,0
1709521919.699563,1
1709521919.756774,1
1709521919.801098,0
1709521919.823054,0
1709521919.854871,0
1709521919.910110,0
1709521919.954968,0
1709521920.015823,0
1709521920.038903,0
1709521920.063014,0
1709521920.092912,0
1709521920.136538,0
1709521920.185311,1
1709521920.213752,0
1709521920.254612,0
1709521920.312123,0
1709521920.337814,0
1709521920.386488,1
1709521920.417672,0
1709521920.457209,0
1709521920.485360,0
1709521920.530348,1
1709521920.561977,0
1709521920.588817,0
1709521920.651264,1
1709521920.674794,0
1709521920.737679,1
1709521920.760145,0
1709521920.825062,0
1709521920.864047,0
1709521920.887497,0
1709521920.915375,0
1709521920.971947,0
1709521920.999784,0
1709521921.043688,0
1709521921.089526,0
1709521921.111347,0
1709521921.150443,0
1709521921.178646,0
1709521921.204386,0
1709521921.224212,0
1709521921.249234,0
1709521921.277634,0
1709521921.299562,0
1709521921.336031,0
1709521921.373322,0
1709521921.418308,1
1709521921.441620,0
1709521921.469569,1
1709521921.501947,0
1709521921.526666,0
1709521921.587759,0
1709521921.606468,0
1709521921.635252,0
1709521921.681915,1
1709521921.737051,0
1709521921.766349,0
1709521921.794890,0
1709521921.814881,1
1709521921.852803,0
1709521921.876563,0
1709521921.952786,0
1709521921.975238,1
1709521922.020230,1
1709521922.070581,1
1709521922.090123,1
1709521922.119965,0
1709521922.165244,1
1709521922.209453,1
1709521922.230238,0
1709521922.250705,0
1709521922.278410,0
1709521922.337110,1
1709521922.366573,0
1709521922.393571,0
1709521922.415795,0
1709521922.440156,0
1709521922.466530,0
1709521922.520500,0
1709521922.558687,0
1709521922.581050,0
1709521922.608419,0
1709521922.631932,0
1709521922.694384,0
1709521922.726800,0
1709521922.783444,1
1709521922.846698,1
1709521922.865817,0
1709521922.889689,1
1709521922.912753,1
1709521922.949763,0
1709521923.025100,1
1709521923.051866,0
1709521923.077880,0
1709521923.106817,0
1709521923.135770,0
1709521923.182700,2
1709521923.211185,0
1709521923.236300,1
1709521923.287820,0
1709521923.315172,0
1709521923.341831,1
1709521923.362403,1
1709521923.381150,0
1709521923.410924,0
1709521923.457750,0
1709521923.480158,0
1709521923.534010,0
1709521923.567927,0
1709521923.589410,0
1709521923.613810,0
1709521923.640502,0
1709521923.714004,0
1709521923.741154,0
1709521923.765515,0
1709521923.796623,0
1709521923.823112,1
1709521923.876094,0
1709521923.936393,0
1709521923.968976,1
1709521923.991519,0
1709521924.010581,0
1709521924.031841,0
1709521924.055807,0
1709521924.090517,0
1709521924.114406,0
1709521924.153295,1
1709521924.176324,0
1709521924.238509,0
1709521924.261680,0
1709521924.279919,0
1709521924.304652,0
1709521924.328907,0
1709521924.372203,0
1709521924.419401,1
1709521924.455799,0
1709521924.486519,0
1709521924.537176,0
1709521924.573398,1
1709521924.594965,0
1709521924.619300,0
1709521924.678932,0
1709521924.707327,0
1709521924.764862,0
1709521924.784213,0
1709521924.803375,1
1709521924.832705,1
1709521924.894213,0
1709521924.920288,0
1709521924.945553,1
1709521924.966091,0
1709521924.994602,0
1709521925.040676,1
1709521925.074512,0
1709521925.098129,0
1709521925.119497,0
1709521925.165215,0
1709521925.187108,0
1709521925.211698,0
1709521925.238770,0
1709521925.269084,0
1709521925.295800,0
1709521925.319479,0
1709521925.377520,0
1709521925.399577,0
1709521925.478901,1
1709521925.502653,0
1709521925.528219,0
1709521925.578641,0
1709521925.603242,1
1709521925.625552,0
1709521925.659163,0
1709521925.708665,0
1709521925.731997,0
1709521925.756327,0
1709521925.816752,0
1709521925.850334,1
1709521925.896309,0
1709521925.917744,0
1709521925.943704,0
1709521925.966768,0
1709521925.994382,0
1709521926.050213,2
1709521926.087167,0
1709521926.140093,1
1709521926.163573,0
1709521926.204662,0
1709521926.264928,0
1709521926.287533,0
1709521926.335194,0
1709521926.359768,1
1709521926.377391,0
1709521926.402102,0
1709521926.462241,1
1709521926.487526,1
1709521926.526750,0
1709521926.552738,0
1709521926.574755,1
1709521926.596010,1
1709521926.623722,0
1709521926.645819,0
1709521926.667408,0
1709521926.691582,0
1709521926.741811,0
1709521926.773899,0
1709521926.839091,0
1709521926.862222,0
1709521926.886497,0
1709521926.924236,1
1709521926.966269,0
1709521927.004204,1
1709521927.032315,0
1709521927.053217,0
1709521927.113415,1
1709521927.140488,0
1709521927.185047,0
1709521927.220063,0
1709521927.241566,0
1709521927.261173,1
1709521927.284339,0
1709521927.311059,0
1709521927.335481,1
1709521927.372108,0
1709521927.406579,0
1709521927.431540,1
1709521927.453001,1
1709521927.518978,0
1709521927.540094,1
1709521927.567160,0
1709521927.610270,0
1709521927.639093,0
1709521927.696059,0
1709521927.772429,0
1709521927.797347,0
1709521927.827845,0
1709521927.845347,0
1709521927.878976,0
1709521927.928887,0
1709521927.958216,0
1709521927.978217,0
1709521928.036152,1
1709521928.064791,0
1709521928.112095,0
1709521928.141519,0
1709521928.165594,1
1709521928.186876,0
1709521928.205887,0
1709521928.231122,0
1709521928.273432,0
1709521928.296861,0
1709521928.320179,0
1709521928.377807,0
1709521928.402880,0
1709521928.431017,0
1709521928.463564,1
1709521928.496600,0
1709521928.522507,0
1709521928.571731,0
1709521928.593997,0
1709521928.638925,0
1709521928.689219,0
1709521928.710191,0
1709521928.729277,1
1709521928.769304,1
1709521928.787798,0
1709521928.811141,0
1709521928.840227,0
1709521928.909575,0
1709521928.968104,0
1709521928.993090,0
1709521929.012913,0
1709521929.050014,0
1709521929.113855,0
1709521929.133922,0
1709521929.165725,0
1709521929.199421,1
1709521929.220406,0
1709521929.244783,0
1709521929.270352,0
1709521929.292353,0
1709521929.314077,0
1709521929.352987,0
1709521929.373494,0
1709521929.422492,1
1709521929.448723,1
1709521929.476444,0
1709521929.497620,0
1709521929.549254,0
1709521929.572565,0
1709521929.590819,0
1709521929.632999,1
1709521929.659516,0
1709521929.686298,0
1709521929.718142,0
1709521929.767184,0
1709521929.815146,0
1709521929.856905,0
1709521929.922543,0
1709521929.978574,0
1709521930.004570,1
1709521930.036985,0
1709521930.069147,0
1709521930.091977,0
1709521930.137934,0
1709521930.160413,0
1709521930.196196,0
1709521930.240455,1
1709521930.265510,1
1709521930.287700,0
1709521930.315789,0
1709521930.395987,0
1709521930.417459,0
1709521930.452566,0
1709521930.508110,1
1709521930.551689,0
1709521930.579468,0
1709521930.624027,0
1709521930.685844,0
1709521930.703378,0
1709521930.723136,0
1709521930.750296,0
1709521930.797366,1
1709521930.819708,0
1709521930.879407,1
1709521930.901895,0
1709521930.940388,0
1709521930.977659,0
1709521930.995994,0
1709521931.017031,0
1709521931.052099,0
1709521931.098189,1
1709521931.124876,1
1709521931.148844,0
1709521931.189571,0
1709521931.210836,0
1709521931.253447,0
1709521931.294126,1
1709521931.313671,0
1709521931.348211,0
1709521931.398322,0
1709521931.435449,0
1709521931.472725,0
1709521931.494134,0
1709521931.518447,0
1709521931.581301,0
1709521931.604944,0
1709521931.661060,1
1709521931.683785,1
1709521931.706344,0
1709521931.741569,0
1709521931.781925,0
1709521931.804139,0
1709521931.837225,0
1709521931.861243,0
1709521931.883435,0
1709521931.931135,1
1709521931.958855,0
1709521931.982232,0
1709521932.006197,0
1709521932.044907,1
1709521932.076606,0
1709521932.120334,1
1709521932.147910,0
1709521932.176929,0
1709521932.195948,0
1709521932.216470,0
1709521932.265422,0
1709521932.304455,0
1709521932.352587,0
1709521932.400054,0
1709521932.423950,0
1709521932.474696,0
1709521932.525260,0
1709521932.551442,0
1709521932.571949,0
1709521932.598010,1
1709521932.656663,0
1709521932.718846,0
1709521932.748556,0
1709521932.769276,0
1709521932.798200,1
1709521932.842508,0
1709521932.861697,0
1709521932.882756,0
1709521932.905117,0
1709521932.953651,0
1709521932.974045,0
1709521933.006489,0
1709521933.046519,0
1709521933.098634,0
1709521933.139178,0
1709521933.168055,0
1709521933.207756,0
1709521933.240757,1
1709521933.261178,0
1709521933.312573,0
1709521933.354621,0
1709521933.394066,0
1709521933.432485,0
1709521933.471285,0
1709521933.497068,0
1709521933.516477,0
1709521933.539368,0
1709521933.560019,1
1709521933.580722,0
1709521933.606082,1
1709521933.667768,1
1709521933.687652,0
1709521933.714128,0
1709521933.762106,0
1709521933.786108,1
1709521933.817594,1
1709521933.841689,0
1709521933.894406,1
1709521933.925672,0
1709521933.947438,0
1709521933.992068,1
1709521934.013176,1
1709521934.038471,0
1709521934.060006,0
1709521934.083376,0
1709521934.142385,0
1709521934.208438,0
1709521934.228555,0
1709521934.251846,0
1709521934.275098,0
1709521934.327432,0
1709521934.362796,0
1709521934.443871,0
1709521934.466564,0
1709521934.499944,0
1709521934.524780,0
1709521934.544399,1
1709521934.571803,1
1709521934.607088,0
1709521934.652549,0
1709521934.673595,0
1709521934.710247,0
1709521934.733176,0
1709521934.766349,0
1709521934.808936,1
1709521934.831116,0
1709521934.880583,0
1709521934.918521,0
1709521934.938375,0
1709521934.962790,0
1709521935.006110,0
1709521935.057841,1
1709521935.095472,0
1709521935.117592,0
1709521935.145719,0
1709521935.173282,0
1709521935.209948,0
1709521935.231198,1
1709521935.253781,0
1709521935.279879,0
1709521935.320827,0
1709521935.341605,0
1709521935.371289,0
1709521935.395095,0
1709521935.423223,0
1709521935.457502,0
1709521935.487610,0
1709521935.507644,0
1709521935.542847,1
1709521935.593993,0
1709521935.632364,0
1709521935.655819,0
1709521935.690442,0
1709521935.741117,0
1709521935.770366,0
1709521935.821269,0
1709521935.844693,0
1709521935.878613,1
1709521935.929000,0
1709521935.950581,0
1709521935.995522,1
1709521936.015636,0
1709521936.035745,0
1709521936.064744,0
1709521936.090729,0
1709521936.113214,0
1709521936.141694,0
1709521936.183023,0
1709521936.207714,0
1709521936.260829,0
1709521936.280501,0
1709521936.307397,0
1709521936.365622,1
1709521936.385366,0
1709521936.448870,0
1709521936.483868,1
1709521936.523337,0
1709521936.553736,1
1709521936.595487,0
1709521936.624289,0
1709521936.659178,0
1709521936.706596,1
1709521936.731678,0
1709521936.781572,0
1709521936.807395,1
1709521936.832479,0
1709521936.855509,0
1709521936.896395,1
1709521936.940855,0
1709521936.960816,0
1709521936.981376,0
1709521937.029866,0
1709521937.068728,0
1709521937.121820,0
1709521937.171519,0
1709521937.192968,1
1709521937.214102,0
1709521937.233081,0
1709521937.281854,0
1709521937.319596,0
1709521937.344019,0
1709521937.376332,0
1709521937.405222,0
1709521937.442306,1
1709521937.490695,0
1709521937.521085,0
1709521937.552845,1
1709521937.614629,0
1709521937.635232,0
1709521937.657088,0
1709521937.686319,1
1709521937.732095,0
1709521937.757767,0
1709521937.779834,0
1709521937.807435,0
1709521937.851305,0
1709521937.885734,0
1709521937.921831,0
1709521937.941984,0
1709521937.962751,1
1709521937.986541,0
1709521938.038736,0
1709521938.061901,1
1709521938.112955,1
1709521938.134902,0
1709521938.158753,0
1709521938.176704,0
1709521938.221692,0
1709521938.266997,0
1709521938.296360,0
1709521938.329508,0
1709521938.365022,0
1709521938.398294,0
1709521938.420705,0
1709521938.448788,0
1709521938.494572,0
1709521938.514158,0
1709521938.542752,0
1709521938.583820,0
1709521938.610123,0
1709521938.666037,1
1709521938.701141,0
1709521938.743374,0
1709521938.769083,0
1709521938.793645,0
1709521938.819146,1
1709521938.874585,0
1709521938.928011,2
1709521938.955527,0
1709521938.977546,0
1709521939.008204,0
1709521939.048711,0
1709521939.081118,0
1709521939.119140,0
1709521939.148543,0
1709521939.178882,0
1709521939.224207,2
1709521939.250793,0
1709521939.270074,0
1709521939.297609,0
1709521939.341293,0
1709521939.363469,0
1709521939.392637,1
1709521939.415305,0
1709521939.436627,1
1709521939.474860,0
1709521939.500122,1
1709521939.541170,0
1709521939.562392,0
1709521939.583471,0
1709521939.604074,0
1709521939.634726,0
1709521939.697417,1
1709521939.730884,0
1709521939.752943,0
1709521939.806137,0
1709521939.826363,1
1709521939.846255,0
1709521939.892648,0
1709521939.922551,0
1709521939.962716,1
1709521940.009651,0
1709521940.028082,0
1709521940.053728,0
1709521940.073719,0
1709521940.096328,0
1709521940.121088,0
1709521940.142807,0
1709521940.205845,0
1709521940.226605,0
1709521940.245266,0
1709521940.277115,0
1709521940.328088,0
1709521940.351501,0
1709521940.380449,0
1709521940.406863,0
1709521940.447577,0
1709521940.468512,0
1709521940.501487,0
1709521940.550048,1
1709521940.572306,0
1709521940.593555,0
1709521940.648817,0
1709521940.670640,0
1709521940.691477,0
1709521940.725167,0
1709521940.757151,0
1709521940.807197,0
1709521940.830770,0
1709521940.868270,0
1709521940.887587,0
1709521940.912934,0
1709521940.942899,0
1709521940.988846,0
1709521941.020644,0
1709521941.045250,0
1709521941.063783,0
1709521941.086342,0
1709521941.114044,0
1709521941.141083,0
1709521941.204286,0
1709521941.225142,0
1709521941.262318,0
1709521941.300086,0
1709521941.325284,0
1709521941.347056,0
1709521941.371671,0
1709521941.430114,1
1709521941.454756,0
1709521941.505410,1
1709521941.533671,0
1709521941.555843,1
1709521941.581278,0
1709521941.629532,0
1709521941.679835,0
1709521941.703690,0
1709521941.750273,1
1709521941.771106,1
1709521941.824677,0
1709521941.847241,0
1709521941.882574,1
1709521941.903742,0
1709521941.961630,1
1709521941.984860,0
1709521942.025688,0
1709521942.049543,0
1709521942.071958,0
1709521942.093368,0
1709521942.152389,0
1709521942.201248,1
1709521942.222874,0
1709521942.253900,0
1709521942.273612,0
1709521942.328934,1
1709521942.355017,0
1709521942.377356,1
1709521942.430086,0
1709521942.455672,0
1709521942.487073,0
1709521942.549018,1
1709521942.594635,0
1709521942.637206,0
1709521942.658786,0
1709521942.683102,0
1709521942.713067,0
1709521942.736455,0
1709521942.757218,0
1709521942.813609,1
1709521942.833992,0
1709521942.855711,0
1709521942.928150,0
1709521942.954193,0
1709521942.975264,0
1709521943.002656,0
1709521943.024148,0
1709521943.044795,0
1709521943.101124,0
1709521943.168917,3
1709521943.190923,1
1709521943.221766,0
1709521943.278643,0
1709521943.313798,1
1709521943.338076,0
1709521943.388271,0
1709521943.410597,1
1709521943.436575,0
1709521943.473491,0
1709521943.505772,0
1709521943.528612,0
1709521943.588297,0
1709521943.610672,0
1709521943.632177,1
1709521943.657396,1
1709521943.682501,0
1709521943.710416,0
1709521943.752995,0
1709521943.776142,0
1709521943.800060,0
1709521943.842607,0
1709521943.860320,0
1709521943.894466,0
1709521943.922003,0
1709521943.964957,1
1709521943.985711,0
1709521944.014615,0
1709521944.068582,0
1709521944.086308,0
1709521944.113900,1
1709521944.166978,0
1709521944.208006,0
1709521944.247277,0
1709521944.309022,0
1709521944.331050,0
1709521944.374763,0
1709521944.413331,0
1709521944.434968,0
1709521944.457782,0
1709521944.490438,0
1709521944.511054,0
1709521944.537636,0
1709521944.593437,0
1709521944.642190,1
1709521944.664046,0
1709521944.686393,2
1709521944.710793,0
1709521944.728950,0
1709521944.770115,1
1709521944.808793,0
1709521944.832927,0
1709521944.878809,0
1709521944.923867,0
1709521944.945424,0
1709521944.989507,0
1709521945.045365,1
1709521945.070316,0
1709521945.093334,0
1709521945.135396,1
1709521945.175225,1
1709521945.192936,0
1709521945.214556,0
1709521945.238726,0
1709521945.256020,0
1709521945.280615,0
1709521945.313758,1
1709521945.351486,0
1709521945.389747,0
1709521945.413406,0
1709521945.434355,0
1709521945.456781,0
1709521945.482906,1
1709521945.523630,0
1709521945.545730,0
1709521945.570911,0
1709521945.624618,0
1709521945.646230,1
1709521945.698556,0
1709521945.751288,0
1709521945.776155,0
1709521945.798717,0
1709521945.859351,0
1709521945.921809,1
1709521945.958681,0
1709521946.022029,0
1709521946.043373,0
1709521946.099041,1
1709521946.117183,0
1709521946.134916,0
1709521946.156250,0
1709521946.181994,0
1709521946.223757,0
1709521946.246690,0
1709521946.277279,0
1709521946.298176,0
1709521946.319576,0
1709521946.341115,0
1709521946.369811,0
1709521946.393126,0
1709521946.414915,0
1709521946.469257,0
1709521946.489749,0
1709521946.512454,0
1709521946.562561,0
1709521946.594447,0
1709521946.617788,0
1709521946.636389,0
1709521946.683340,0
1709521946.712052,0
1709521946.774830,1
1709521946.801567,0
1709521946.823714,0
1709521946.846746,1
1709521946.909423,0
1709521946.941541,0
1709521946.963208,0
1709521946.985156,0
1709521947.005021,0
1709521947.035644,0
1709521947.113465,0
1709521947.135360,1
1709521947.195118,0
1709521947.215702,0
1709521947.241116,0
1709521947.269062,0
1709521947.294765,0
1709521947.317510,0
1709521947.338157,0
1709521947.404289,1
1709521947.452316,0
1709521947.476536,0
1709521947.496617,0
1709521947.530305,0
1709521947.559021,0
1709521947.580847,0
1709521947.643884,0
1709521947.675169,0
1709521947.697216,0
1709521947.764002,0
1709521947.786361,0
1709521947.829865,0
1709521947.858630,0
1709521947.885322,0
1709521947.908441,1
1709521947.947564,0
1709521947.985415,1
1709521948.007826,1
1709521948.030758,1
1709521948.055686,1
1709521948.082330,0
1709521948.112890,0
1709521948.137396,0
1709521948.186864,1
1709521948.209735,0
1709521948.272116,0
1709521948.296355,0
1709521948.325224,0
1709521948.348276,1
1709521948.389436,0
1709521948.419807,0
1709521948.465693,0
1709521948.488009,0
1709521948.511514,0
1709521948.557193,0
1709521948.580430,0
1709521948.625328,0
1709521948.647441,0
1709521948.679231,0
1709521948.700454,0
1709521948.725170,0
1709521948.753047,1
1709521948.788158,0
1709521948.812675,0
1709521948.834707,0
1709521948.858575,0
1709521948.883729,1
1709521948.902929,0
1709521948.933389,0
1709521948.975248,0
1709521948.997953,0
1709521949.018917,0
1709521949.094643,1
1709521949.124043,0
1709521949.148946,0
1709521949.194370,0
1709521949.215790,0
1709521949.237218,0
1709521949.280837,0
1709521949.326820,1
1709521949.347743,0
1709521949.404507,0
1709521949.442257,0
1709521949.486593,0
1709521949.508622,0
1709521949.533847,0
1709521949.561243,0
1709521949.583922,0
1709521949.604070,0
1709521949.628791,0
1709521949.655551,0
1709521949.686395,1
1709521949.710945,0
1709521949.765154,0
1709521949.794597,0
1709521949.825274,0
1709521949.866246,1
1709521949.890965,1
1709521949.915447,1
1709521949.943959,0
1709521949.976667,0
1709521950.019919,0
1709521950.057932,0
1709521950.087435,0
1709521950.112687,0
1709521950.137031,1
1709521950.195022,1
1709521950.216810,0
1709521950.267984,0
1709521950.307577,0
1709521950.328317,0
1709521950.351337,0
1709521950.373014,0
1709521950.406651,0
1709521950.426922,1
1709521950.448743,0
1709521950.481461,0
1709521950.533667,0
1709521950.562248,0
1709521950.586915,1
1709521950.607495,0
1709521950.651469,0
1709521950.681972,0
1709521950.716550,0
1709521950.746631,0
1709521950.774370,0
1709521950.800509,0
1709521950.825585,0
1709521950.863011,0
1709521950.882854,0
1709521950.904952,0
1709521950.926844,0
1709521950.961319,0
1709521950.992916,0
1709521951.012972,0
1709521951.049848,2
1709521951.084356,1
1709521951.103362,0
1709521951.123092,0
1709521951.151542,0
1709521951.178949,0
1709521951.199629,0
1709521951.221739,0
1709521951.273441,1
1709521951.294941,0
1709521951.321765,0
1709521951.382498,0
1709521951.416809,0
1709521951.439712,0
1709521951.499764,0
1709521951.542165,1
1709521951.570669,1
1709521951.590643,0
1709521951.616368,0
1709521951.640238,0
1709521951.694584,0
1709521951.724297,0
1709521951.750427,0
1709521951.787755,1
1709521951.812763,0
1709521951.832857,0
1709521951.897607,0
1709521951.924725,0
1709521951.949298,0
1709521951.970267,0
1709521951.992515,1
1709521952.020684,0
1709521952.062204,0
1709521952.086802,0
1709521952.127262,0
1709521952.148355,0
1709521952.171468,0
1709521952.199740,0
1709521952.225436,0
1709521952.281773,1
1709521952.302419,0
1709521952.357404,0
1709521952.386878,0
1709521952.414424,0
1709521952.458709,0
1709521952.480617,0
1709521952.529786,1
1709521952.558402,0
1709521952.595580,0
1709521952.621167,0
1709521952.644756,0
1709521952.681804,0
1709521952.723367,1
1709521952.744438,0
1709521952.767635,1
1709521952.804919,1
1709521952.841638,0
1709521952.861098,0
1709521952.912346,0
1709521952.937177,0
1709521952.957390,0
1709521953.001148,0
1709521953.020823,0
1709521953.041143,0
1709521953.063460,1
1709521953.087508,0
1709521953.146551,0
1709521953.170145,0
1709521953.195512,1
1709521953.264740,0
1709521953.287578,0
1709521953.321600,1
1709521953.391128,0
1709521953.427298,0
1709521953.458703,1
1709521953.483855,0
1709521953.508440,1
1709521953.529289,0
1709521953.565889,0
1709521953.589726,0
1709521953.610285,0
1709521953.674103,2
1709521953.696275,0
1709521953.748636,0
1709521953.770599,0
1709521953.804717,0
1709521953.828960,0
1709521953.850726,0
1709521953.871909,0
1709521953.898952,0
1709521953.921880,0
1709521953.949986,0
1709521953.979837,0
1709521954.001357,0
1709521954.057915,0
1709521954.087979,0
1709521954.151863,1
1709521954.175908,0
1709521954.234853,1
1709521954.254948,0
1709521954.288788,1
1709521954.311315,0
1709521954.337168,0
1709521954.409632,0
1709521954.451199,0
1709521954.473788,0
1709521954.511981,0
1709521954.556751,2
1709521954.577060,0
1709521954.595766,1
1709521954.643797,1
1709521954.677586,0
1709521954.707993,0
1709521954.747339,0
1709521954.809552,0
1709521954.842634,1
1709521954.877831,0
1709521954.916327,0
1709521954.939901,1
1709521954.978520,0
1709521955.035754,0
1709521955.058733,0
1709521955.100757,0
1709521955.120332,1
1709521955.147335,1
1709521955.177519,0
1709521955.200374,0
1709521955.254475,0
1709521955.289512,1
1709521955.345370,0
1709521955.367332,0
1709521955.390372,0
1709521955.425324,0
1709521955.450849,0
1709521955.508993,0
1709521955.573827,0
1709521955.600213,0
1709521955.624007,0
1709521955.658102,1
1709521955.695178,1
1709521955.716939,0
1709521955.756079,0
1709521955.800804,0
1709521955.859148,0
1709521955.885978,0
1709521955.946693,0
1709521955.969140,0
1709521955.997206,0
1709521956.030425,0
1709521956.061188,0
1709521956.087210,0
1709521956.107122,1
1709521956.145474,0
1709521956.169374,0
1709521956.200980,0
1709521956.222720,0
1709521956.243930,1
1709521956.278160,0
1709521956.322989,0
1709521956.367839,1
1709521956.388803,1
1709521956.453613,1
1709521956.485882,0
1709521956.548136,0
1709521956.567765,0
1709521956.591331,0
1709521956.611971,0
1709521956.672427,0
1709521956.696472,0
1709521956.753698,0
1709521956.795378,0
1709521956.818687,0
1709521956.843962,0
1709521956.882741,0
1709521956.905657,0
1709521956.964313,0
1709521956.984127,0
1709521957.004395,0
1709521957.035217,0
1709521957.066475,1
1709521957.110835,0
1709521957.135526,0
1709521957.197831,0
1709521957.220878,0
1709521957.250126,1
1709521957.274888,0
1709521957.297173,0
1709521957.381341,0
1709521957.400318,0
1709521957.432167,0
1709521957.457338,0
1709521957.500586,1
1709521957.529273,0
1709521957.582338,1
1709521957.616045,0
1709521957.647507,0
1709521957.694708,0
1709521957.715277,1
1709521957.737499,0
1709521957.778498,0
1709521957.810369,1
1709521957.829602,0
1709521957.855072,0
1709521957.884625,0
1709521957.974419,1
1709521957.998577,0
1709521958.024136,0
1709521958.061684,0
1709521958.117066,0
1709521958.145355,0
1709521958.197249,0
1709521958.223186,1
1709521958.259288,0
1709521958.282729,0
1709521958.329322,0
1709521958.354518,0
1709521958.412019,0
1709521958.436560,0
1709521958.474428,0
1709521958.531105,1
1709521958.556864,0
1709521958.611722,0
1709521958.631362,0
1709521958.677005,0
1709521958.705251,0
1709521958.739485,0
1709521958.764385,0
1709521958.782497,1
1709521958.803514,1
1709521958.823614,0
1709521958.859547,1
1709521958.879375,1
1709521958.897462,0
1709521958.919847,0
1709521958.981225,0
1709521959.002651,0
1709521959.045442,0
1709521959.067364,0
1709521959.089923,0
1709521959.115194,1
1709521959.159114,0
1709521959.190353,0
1709521959.208835,2
1709521959.234806,0
1709521959.274393,1
1709521959.316101,1
1709521959.337154,0
1709521959.368254,0
1709521959.399240,1
1709521959.420611,0
1709521959.440783,0
1709521959.479463,0
1709521959.508929,0
1709521959.531919,0
1709521959.578054,0
1709521959.602064,0
1709521959.664907,0
1709521959.690756,0
1709521959.712310,0
1709521959.734555,0
1709521959.781779,0
1709521959.810167,0
1709521959.871877,0
1709521959.909616,0
1709521959.954458,1
1709521959.988103,0
1709521960.009607,0
1709521960.052008,0
1709521960.077598,0
1709521960.112922,0
1709521960.151571,0
1709521960.173225,0
1709521960.201757,0
1709521960.223042,0
1709521960.260247,0
1709521960.315154,0
1709521960.337606,0
1709521960.379842,0
1709521960.473165,0
1709521960.523861,0
1709521960.558172,0
1709521960.634912,1
1709521960.666530,0
1709521960.697173,0
1709521960.742771,0
1709521960.786497,1
1709521960.818462,0
1709521960.870371,0
1709521960.923016,0
1709521960.945813,1
1709521961.001007,1
1709521961.053658,1
1709521961.078413,0
1709521961.100838,0
1709521961.149884,1
1709521961.191180,1
1709521961.228310,0
1709521961.267879,1
1709521961.294706,0
1709521961.324288,0
1709521961.362685,1
1709521961.383970,1
1709521961.411711,0
1709521961.437613,0
1709521961.486948,0
1709521961.508554,0
1709521961.558603,1
1709521961.589850,0
1709521961.608673,1
1709521961.637327,0
1709521961.691557,0
1709521961.718873,0
1709521961.763186,2
1709521961.789208,0
1709521961.821244,0
1709521961.853798,0
1709521961.881000,0
1709521961.906358,1
1709521961.937278,0
1709521961.975753,0
1709521962.001194,0
1709521962.022543,0
1709521962.047837,0
1709521962.091384,0
1709521962.119508,0
1709521962.140394,0
1709521962.191907,1
1709521962.210994,1
1709521962.232374,0
1709521962.263847,0
1709521962.291752,1
1709521962.316213,0
1709521962.337493,1
1709521962.395981,1
1709521962.426483,0
1709521962.446195,0
1709521962.484274,0
1709521962.523345,1
1709521962.552753,0
1709521962.596936,1
1709521962.641160,0
1709521962.671270,0
1709521962.738650,0
1709521962.797532,1
1709521962.822370,0
1709521962.846770,0
1709521962.886155,0
1709521962.907800,1
1709521962.930694,0
1709521962.957782,0
1709521962.997825,0
1709521963.023784,0
1709521963.066126,0
1709521963.101650,1
1709521963.127437,0
1709521963.154299,0
1709521963.185661,0
1709521963.221460,0
1709521963.249954,0
1709521963.319713,1
1709521963.346843,0
1709521963.411423,0
1709521963.468626,1
1709521963.491844,1
1709521963.513105,0
1709521963.536457,0
1709521963.588005,0
1709521963.634657,0
1709521963.661636,0
1709521963.689896,0
1709521963.716156,0
1709521963.762311,0
1709521963.783620,0
1709521963.819021,0
1709521963.864062,0
1709521963.885003,0
1709521963.904127,0
1709521963.930421,0
1709521963.955580,1
1709521963.986619,0
1709521964.037920,0
1709521964.070535,1
1709521964.089684,0
1709521964.111093,0
1709521964.140158,0
1709521964.162827,0
1709521964.213692,0
1709521964.248958,0
1709521964.281970,0
1709521964.313768,0
1709521964.362088,0
1709521964.392700,1
1709521964.429082,0
1709521964.454881,0
1709521964.473009,0
1709521964.513170,1
1709521964.538506,0
1709521964.579106,0
1709521964.621714,0
1709521964.656830,0
1709521964.680367,0
1709521964.716031,0
1709521964.735415,0
1709521964.755365,1
1709521964.797784,0
1709521964.828269,0
1709521964.867020,1
1709521964.888097,0
1709521964.931762,0
1709521964.959635,0
1709521964.989701,1
1709521965.038224,0
1709521965.061817,0
1709521965.111655,0
1709521965.131372,0
1709521965.160201,1
1709521965.204754,0
1709521965.238769,0
1709521965.259692,1
1709521965.307096,0
1709521965.342124,0
1709521965.369101,0
1709521965.434317,0
1709521965.457705,0
1709521965.482652,0
1709521965.504599,0
1709521965.526879,0
1709521965.555539,0
1709521965.607822,0
1709521965.631025,0
1709521965.656522,0
1709521965.693460,0
1709521965.716543,0
1709521965.747897,0
1709521965.793361,0
1709521965.819729,0
1709521965.856924,0
1709521965.918900,0
1709521965.957446,0
1709521965.987665,0
1709521966.037244,1
1709521966.082345,0
1709521966.106403,0
1709521966.147900,1
1709521966.195132,0
1709521966.241319,0
1709521966.262213,0
1709521966.314855,1
1709521966.337426,0
1709521966.370072,1
1709521966.391853,0
1709521966.420808,0
1709521966.493160,1
1709521966.520694,0
1709521966.544823,0
1709521966.596906,0
1709521966.654024,0
1709521966.679601,0
1709521966.714242,0
1709521966.736888,1
1709521966.774542,0
1709521966.801357,0
1709521966.840759,0
1709521966.860357,0
1709521966.915883,0
1709521966.950542,0
1709521966.979447,0
1709521967.000141,0
1709521967.048843,1
1709521967.070750,0
1709521967.094370,0
1709521967.144581,0
1709521967.167635,0
1709521967.245682,0
1709521967.263740,0
1709521967.299926,1
1709521967.343490,2
1709521967.395346,0
1709521967.438361,1
1709521967.491328,0
1709521967.517164,0
1709521967.552271,0
1709521967.588095,0
1709521967.633943,1
1709521967.654793,0
1709521967.676237,1
1709521967.695482,0
1709521967.719911,1
1709521967.742596,0
1709521967.784116,0
1709521967.812973,0
1709521967.847986,1
1709521967.872650,1
1709521967.907522,0
1709521967.936941,0
1709521967.961575,0
1709521967.995636,1
1709521968.030644,0
1709521968.078833,0
1709521968.106313,0
1709521968.164402,0
1709521968.196107,0
1709521968.219729,0
1709521968.288542,0
1709521968.310538,0
1709521968.331157,0
1709521968.362558,0
1709521968.414795,0
1709521968.480277,0
1709521968.500944,0
1709521968.533239,0
1709521968.578088,0
1709521968.596368,1
1709521968.637539,1
1709521968.666945,0
1709521968.746430,0
1709521968.799178,0
1709521968.824472,1
1709521968.852545,0
1709521968.874938,0
1709521968.897914,0
1709521968.951649,0
1709521968.975716,0
1709521969.005832,0
1709521969.043374,0
1709521969.062461,0
1709521969.083460,0
1709521969.106336,0
1709521969.126114,1
1709521969.157681,0
1709521969.205116,0
1709521969.231397,1
1709521969.251894,0
1709521969.273841,0
1709521969.297251,0
1709521969.324852,0
1709521969.374694,0
1709521969.395724,0
1709521969.457058,0
1709521969.484203,0
1709521969.532572,1
1709521969.552890,0
1709521969.582471,0
1709521969.623342,0
1709521969.644010,1
1709521969.666878,0
1709521969.691944,0
1709521969.717219,0
1709521969.792401,0
1709521969.817706,0
1709521969.839231,1
1709521969.868966,0
1709521969.914803,1
1709521969.939412,0
1709521969.980389,0
1709521970.019094,0
1709521970.044306,0
1709521970.075102,1
1709521970.113591,0
1709521970.144549,0
1709521970.166543,0
1709521970.209422,1
1709521970.238729,0
1709521970.261879,1
1709521970.289739,0
1709521970.330701,0
1709521970.357339,0
1709521970.380034,0
1709521970.405861,0
1709521970.429386,0
1709521970.480244,0
1709521970.545466,0
1709521970.594690,0
1709521970.652443,0
1709521970.679082,0
1709521970.714652,0
1709521970.737399,0
1709521970.763250,0
1709521970.819714,0
1709521970.840027,0
1709521970.861294,0
1709521970.883188,0
1709521970.921481,0
1709521970.970313,0
1709521971.011411,0
1709521971.032102,0
1709521971.058147,0
1709521971.084198,0
1709521971.145255,0
1709521971.171109,0
1709521971.191955,0
1709521971.211222,0
1709521971.231311,0
1709521971.256038,0
1709521971.307571,0
1709521971.328849,0
1709521971.372899,0
1709521971.394238,0
1709521971.418412,0
1709521971.442837,0
1709521971.536473,1
1709521971.576653,0
1709521971.599384,0
1709521971.618269,0
1709521971.657432,0
1709521971.711395,1
1709521971.732265,0
1709521971.763622,0
1709521971.783747,1
1709521971.804987,1
1709521971.826501,0
1709521971.875326,0
1709521971.929935,0
1709521971.953240,0
1709521971.985492,0
1709521972.007770,1
1709521972.029247,0
1709521972.082209,0
1709521972.101741,0
1709521972.127070,0
1709521972.153413,0
1709521972.176455,1
1709521972.199348,1
1709521972.259876,0
1709521972.291666,1
1709521972.316928,0
1709521972.344074,0
1709521972.386910,0
1709521972.418804,0
1709521972.470256,0
1709521972.498845,1
1709521972.526035,0
1709521972.573809,0
1709521972.595375,0
1709521972.619987,0
1709521972.676873,0
1709521972.706617,0
1709521972.739627,1
1709521972.773564,0
1709521972.798995,0
1709521972.822875,0
1709521972.845480,0
1709521972.891236,0
1709521972.931468,1
1709521972.955971,0
1709521973.019718,0
1709521973.052366,0
1709521973.082294,0
1709521973.103779,0
1709521973.139296,2
1709521973.160527,1
1709521973.196794,0
1709521973.218559,0
1709521973.279886,0
1709521973.330289,0
1709521973.351319,0
1709521973.378098,0
1709521973.427389,1
1709521973.448464,0
1709521973.490015,0
1709521973.515731,0
1709521973.540849,0
1709521973.571981,0
1709521973.630523,0
1709521973.655385,0
1709521973.689673,0
1709521973.710395,0
1709521973.732819,1
1709521973.756675,1
1709521973.820968,0
1709521973.839153,0
1709521973.857279,0
1709521973.877799,0
1709521973.935512,0
1709521973.957980,1
1709521973.979374,0
1709521974.041544,0
1709521974.074092,0
1709521974.094107,0
1709521974.113765,0
1709521974.137687,0
1709521974.188023,0
1709521974.206681,0
1709521974.231200,0
1709521974.251643,0
1709521974.288109,0
1709521974.308711,1
1709521974.365613,0
1709521974.405939,1
1709521974.440979,1
1709521974.488252,2
1709521974.525516,0
1709521974.564582,0
1709521974.589690,0
1709521974.620590,0
1709521974.655231,0
1709521974.687379,0
1709521974.713195,0
1709521974.744283,1
1709521974.782751,0
1709521974.831518,1
1709521974.850253,0
1709521974.874873,0
1709521974.911610,1
1709521974.948007,0
1709521974.981468,0
1709521975.014577,1
1709521975.037810,0
1709521975.073158,0
1709521975.095193,0
1709521975.143144,0
1709521975.167825,0
1709521975.196308,0
1709521975.216650,1
1709521975.279799,0
1709521975.301936,0
1709521975.341153,0
1709521975.360339,1
1709521975.387999,0
1709521975.422779,1
1709521975.443574,0
1709521975.501681,0
1709521975.526058,0
1709521975.555216,0
1709521975.581574,0
1709521975.633359,0
1709521975.654659,0
1709521975.679253,0
1709521975.723440,0
1709521975.744982,0
1709521975.775632,0
1709521975.801913,0
1709521975.857412,1
1709521975.894665,0
1709521975.949067,0
1709521975.973268,0
1709521975.994520,0
1709521976.045630,0
1709521976.101499,0
1709521976.134497,1
1709521976.156964,1
1709521976.207374,0
1709521976.238584,0
1709521976.260626,0
1709521976.310620,0
1709521976.329531,0
1709521976.352412,0
1709521976.410452,1
1709521976.466989,1
1709521976.490641,1
1709521976.522017,0
1709521976.550423,0
1709521976.575308,0
1709521976.597721,0
1709521976.658032,0
1709521976.708557,0
1709521976.730399,1
1709521976.769072,0
1709521976.833585,1
1709521976.859333,1
1709521976.885184,0
1709521976.941801,0
1709521976.988113,0
1709521977.009864,0
1709521977.039387,0
1709521977.094263,0
1709521977.120528,0
1709521977.152193,0
1709521977.197309,0
1709521977.237073,0
1709521977.267485,0
1709521977.299201,1
1709521977.342099,1
1709521977.377295,0
1709521977.401239,0
1709521977.430402,0
1709521977.451616,0
1709521977.476541,1
1709521977.513515,1
1709521977.533981,0
1709521977.558587,0
1709521977.597311,0
1709521977.631970,0
1709521977.653309,0
1709521977.676850,0
1709521977.723657,0
1709521977.751560,0
1709521977.815135,1
1709521977.840292,0
1709521977.862148,0
1709521977.888527,0
1709521977.948811,0
1709521977.986991,0
1709521978.008029,1
1709521978.058468,0
1709521978.083432,1
1709521978.115500,1
1709521978.167551,0
1709521978.225925,0
1709521978.250856,0
1709521978.285353,0
1709521978.310435,0
1709521978.335037,0
1709521978.357274,0
1709521978.380007,0
1709521978.420310,0
1709521978.443454,0
1709521978.478136,0
1709521978.507738,0
1709521978.531313,0
1709521978.557235,0
1709521978.582279,2
1709521978.633207,0
1709521978.654232,0
1709521978.703849,0
1709521978.735339,0
1709521978.767176,1
1709521978.787016,0
1709521978.805727,0
1709521978.855393,0
1709521978.877857,0
1709521978.917828,1
1709521978.946383,0
1709521978.980662,0
1709521979.037222,0
1709521979.062751,0
1709521979.084002,0
1709521979.105403,0
1709521979.126189,0
1709521979.183035,0
1709521979.230257,1
1709521979.256710,0
1709521979.295009,0
1709521979.344176,1
1709521979.365445,0
1709521979.408788,2
1709521979.446534,0
1709521979.469905,0
1709521979.525754,1
1709521979.577729,0
1709521979.606794,0
1709521979.631366,0
1709521979.660997,0
1709521979.681386,1
1709521979.749265,0
1709521979.773435,0
1709521979.809917,1
1709521979.846777,0
1709521979.866077,0
1709521979.908982,0
1709521979.930550,0
1709521979.977625,0
1709521980.010073,0
1709521980.051656,0
1709521980.105573,0
1709521980.130479,0
1709521980.153212,0
1709521980.170305,0
1709521980.191696,0
1709521980.247788,0
1709521980.267067,0
1709521980.293694,0
1709521980.311262,0
1709521980.361897,1
1709521980.386685,0
1709521980.423696,0
1709521980.447962,0
1709521980.472889,0
1709521980.496022,0
1709521980.575311,0
1709521980.612127,1
1709521980.639285,0
1709521980.661937,0
1709521980.682878,0
1709521980.728862,0
1709521980.750166,0
1709521980.771427,0
1709521980.821002,0
1709521980.849124,0
1709521980.876173,0
1709521980.936064,0
1709521980.961598,0
1709521981.008210,0
1709521981.037308,0
1709521981.059960,0
1709521981.091446,0
1709521981.114774,0
1709521981.146217,0
1709521981.173910,0
1709521981.194410,0
1709521981.218860,0
1709521981.253756,0
1709521981.311982,0
1709521981.331528,0
1709521981.351347,0
1709521981.376576,0
1709521981.432400,0
1709521981.454388,0
1709521981.476296,0
1709521981.497691,1
1709521981.518864,0
1709521981.540528,0
1709521981.568206,1
1709521981.594163,0
1709521981.615653,0
1709521981.639168,0
1709521981.689785,1
1709521981.741920,0
1709521981.781381,0
1709521981.821687,0
1709521981.844131,1
1709521981.905434,0
1709521981.957564,0
1709521982.000539,0
1709521982.027606,0
1709521982.047602,0
1709521982.077204,0
1709521982.111513,0
1709521982.141464,1
1709521982.178406,1
1709521982.239339,0
1709521982.269775,0
1709521982.297845,0
1709521982.351925,0
1709521982.406806,1
1709521982.446945,1
1709521982.472365,1
1709521982.533978,0
1709521982.554593,0
1709521982.575212,0
1709521982.633564,0
1709521982.666208,0
1709521982.691982,0
1709521982.754553,0
1709521982.778043,0
1709521982.836771,0
1709521982.856634,0
1709521982.874994,1
1709521982.908817,0
1709521982.980181,0
1709521983.006292,0
1709521983.038564,0
1709521983.094514,1
1709521983.120298,0
1709521983.181425,1
1709521983.212231,1
1709521983.229710,0
1709521983.289365,1
1709521983.316551,0
1709521983.336535,0
1709521983.358372,0
1709521983.392652,1
1709521983.439974,0
1709521983.463617,0
1709521983.492823,0
1709521983.542064,0
1709521983.570603,0
1709521983.624244,0
1709521983.674571,1
1709521983.701198,0
1709521983.738334,1
1709521983.762119,0
1709521983.803427,0
1709521983.828341,0
1709521983.873660,1
1709521983.913724,1
1709521983.944497,0
1709521983.969246,0
1709521983.989824,0
1709521984.011764,1
1709521984.035963,0
1709521984.076639,0
1709521984.119309,0
1709521984.151061,0
1709521984.186714,1
1709521984.214129,0
1709521984.236086,0
1709521984.262703,0
1709521984.289882,0
1709521984.340202,1
1709521984.361007,0
1709521984.388385,0
1709521984.430804,0
1709521984.475239,0
1709521984.498158,1
1709521984.535734,0
1709521984.566227,0
1709521984.608182,0
1709521984.634697,0
1709521984.703964,0
1709521984.760287,0
1709521984.817330,0
1709521984.851889,0
1709521984.873267,0
1709521984.914376,1
1709521984.939599,0
1709521984.990956,1
1709521985.036166,0
1709521985.075014,0
1709521985.096181,0
1709521985.138426,1
1709521985.205203,0
1709521985.274901,1
1709521985.323329,0
1709521985.344033,0
1709521985.367730,0
1709521985.397964,0
1709521985.421624,0
1709521985.447827,0
1709521985.472613,0
1709521985.520293,0
1709521985.547686,0
1709521985.592396,0
1709521985.615807,0
1709521985.640947,0
1709521985.674702,0
1709521985.724251,0
1709521985.755476,0
1709521985.782514,0
1709521985.846967,0
1709521985.882241,0
1709521985.919019,0
1709521985.945205,0
1709521985.978585,0
1709521986.013118,0
1709521986.032056,2
1709521986.059942,0
1709521986.080968,0
1709521986.171422,0
1709521986.208281,0
1709521986.263454,0
1709521986.311121,0
1709521986.339824,0
1709521986.387973,1
1709521986.445837,0
1709521986.479575,2
1709521986.505967,1
1709521986.588425,0
1709521986.627744,0
1709521986.660061,0
1709521986.718316,0
1709521986.745931,0
1709521986.783385,0
1709521986.843582,0
1709521986.896175,0
1709521986.918574,0
1709521986.944062,0
1709521987.002514,0
1709521987.050393,0
1709521987.082019,0
1709521987.107433,1
1709521987.158995,0
1709521987.183897,2
1709521987.214605,0
1709521987.242585,0
1709521987.262684,0
1709521987.282692,0
1709521987.344685,0
1709521987.382208,0
1709521987.405162,1
1709521987.430118,0
1709521987.449649,0
1709521987.472672,0
1709521987.495086,0
1709521987.516970,0
1709521987.546860,1
1709521987.566990,0
1709521987.616260,1
1709521987.637707,0
1709521987.669129,1
1709521987.691612,0
1709521987.715797,0
1709521987.774875,0
1709521987.827695,0
1709521987.849550,0
1709521987.873597,0
1709521987.908351,0
1709521987.949958,1
1709521988.011697,0
1709521988.040452,0
1709521988.062751,0
1709521988.122102,0
1709521988.149635,0
1709521988.168936,0
1709521988.220337,0
1709521988.240501,0
1709521988.265501,1
1709521988.319921,0
1709521988.342953,1
1709521988.392336,0
1709521988.411851,0
1709521988.475063,0
1709521988.497027,0
1709521988.520262,0
1709521988.542417,0
1709521988.585490,0
1709521988.615895,0
1709521988.653068,1
1709521988.681451,0
1709521988.701967,0
1709521988.767168,1
1709521988.789650,0
1709521988.820517,0
1709521988.871498,0
1709521988.902722,1
1709521988.925480,1
1709521988.946579,0
1709521988.977553,0
1709521989.018134,0
1709521989.042151,0
1709521989.089821,0
1709521989.124643,0
1709521989.145715,1
1709521989.167402,0
1709521989.215486,1
1709521989.272933,1
1709521989.291976,0
1709521989.311419,0
1709521989.335945,2
1709521989.358365,0
1709521989.410785,1
1709521989.441615,0
1709521989.489260,0
1709521989.511889,0
1709521989.541170,1
1709521989.567907,0
1709521989.599020,0
1709521989.661280,0
1709521989.703580,0
1709521989.745776,0
1709521989.812475,0
1709521989.832126,0
1709521989.851053,0
1709521989.875821,0
1709521989.913860,0
1709521989.939588,0
1709521989.985640,0
1709521990.007231,0
1709521990.061213,1
1709521990.087055,0
1709521990.130398,1
1709521990.173766,0
1709521990.194321,0
1709521990.233887,0
1709521990.257268,0
1709521990.283134,1
1709521990.304900,0
1709521990.368583,1
1709521990.391605,0
1709521990.440032,0
1709521990.476608,1
1709521990.523261,0
1709521990.580078,0
1709521990.630853,1
1709521990.658789,0
1709521990.677813,0
1709521990.749832,0
1709521990.770209,0
1709521990.792543,0
1709521990.814566,0
1709521990.834270,0
1709521990.858522,0
1709521990.904694,1
1709521990.925648,0
1709521990.969540,0
1709521990.996536,0
1709521991.029799,0
1709521991.057676,1
1709521991.101421,0
1709521991.126744,1
1709521991.173541,0
1709521991.194008,0
1709521991.227282,0
1709521991.254393,0
1709521991.295076,0
1709521991.355171,0
1709521991.378719,0
1709521991.424317,0
1709521991.480593,0
1709521991.511558,0
1709521991.541119,0
1709521991.566715,1
1709521991.603469,1
1709521991.654618,0
1709521991.679745,1
1709521991.700688,0
1709521991.753652,0
1709521991.806390,0
1709521991.830777,0
1709521991.853153,1
1709521991.892526,0
1709521991.914537,0
1709521991.978967,1
1709521992.000041,1
1709521992.050664,0
1709521992.078328,0
1709521992.109370,0
1709521992.131798,0
1709521992.160558,1
1709521992.199528,0
1709521992.242799,0
1709521992.267766,0
1709521992.302254,1
1709521992.331234,0
1709521992.353079,0
1709521992.389957,1
1709521992.409964,0
1709521992.432811,0
1709521992.534483,0
1709521992.562716,1
1709521992.591583,0
1709521992.646890,0
1709521992.692047,0
1709521992.712368,0
1709521992.742310,0
1709521992.807468,1
1709521992.828858,1
1709521992.877191,0
1709521992.898694,0
1709521992.933720,0
1709521992.960515,0
1709521993.007168,0
1709521993.031639,0
1709521993.080117,0
1709521993.106490,1
1709521993.131488,0
1709521993.203350,1
1709521993.252538,1
1709521993.282722,0
1709521993.364032,0
1709521993.392623,0
1709521993.442395,0
1709521993.476424,1
1709521993.505260,1
1709521993.536727,1
1709521993.560361,1
1709521993.670554,1
1709521993.698180,1
1709521993.720056,1
1709521993.741716,0
1709521993.762805,0
1709521993.782193,0
1709521993.803312,0
1709521993.851892,0
1709521993.873347,0
1709521993.895890,0
1709521993.928297,1
1709521993.948766,0
1709521993.970475,0
1709521994.003303,0
1709521994.029984,0
1709521994.058558,0
1709521994.106407,0
1709521994.127319,1
1709521994.165100,0
1709521994.190917,1
1709521994.243906,0
1709521994.263494,0
1709521994.285684,0
1709521994.327195,0
1709521994.350675,1
1709521994.374316,0
1709521994.415534,1
1709521994.439655,0
1709521994.478428,0
1709521994.520818,0
1709521994.541978,0
1709521994.607258,0
1709521994.633562,0
1709521994.656734,1
1709521994.689454,0
1709521994.716485,0
1709521994.788257,1
1709521994.817442,0
1709521994.860248,0
1709521994.882684,0
1709521994.931595,0
1709521994.953075,0
1709521994.987698,1
1709521995.016685,0
1709521995.055995,1
1709521995.079683,1
1709521995.104893,0
1709521995.127973,0
1709521995.153300,1
1709521995.174767,0
1709521995.203888,0
1709521995.255748,0
1709521995.275017,1
1709521995.303480,0
1709521995.330862,0
1709521995.353472,0
1709521995.391226,0
1709521995.412196,0
1709521995.433578,0
1709521995.454378,0
1709521995.476431,0
1709521995.497621,0
1709521995.521323,0
1709521995.575343,0
1709521995.595994,1
1709521995.653756,0
1709521995.678467,0
1709521995.698196,1
1709521995.739680,0
1709521995.779791,0
1709521995.833148,0
1709521995.855257,0
1709521995.876697,1
1709521995.912883,1
1709521995.953562,0
1709521996.012594,0
1709521996.032555,0
1709521996.062927,0
1709521996.096990,0
1709521996.121506,0
1709521996.175253,1
1709521996.214112,1
1709521996.243840,0
1709521996.276396,0
1709521996.311537,0
1709521996.339970,0
1709521996.364654,0
1709521996.428469,0
1709521996.467762,1
1709521996.494084,0
1709521996.519187,1
1709521996.566425,0
1709521996.600372,0
1709521996.628689,0
1709521996.660136,0
1709521996.679581,0
1709521996.727900,0
1709521996.757970,1
1709521996.798869,1
1709521996.821218,0
1709521996.858309,0
1709521996.884882,0
1709521996.922086,0
1709521996.959200,0
1709521996.987038,0
1709521997.007456,0
1709521997.037169,1
1709521997.058638,0
1709521997.092783,0
1709521997.140145,0
1709521997.165671,0
1709521997.224330,0
1709521997.245826,0
1709521997.266487,0
1709521997.304749,0
1709521997.359603,0
1709521997.394516,0
1709521997.423374,0
1709521997.446050,0
1709521997.468551,0
1709521997.502106,0
1709521997.522833,0
1709521997.548107,0
1709521997.590607,0
1709521997.613747,0
1709521997.648273,0
1709521997.714488,0
1709521997.745906,0
1709521997.793698,0
1709521997.821363,0
1709521997.886539,1
1709521997.919934,0
1709521997.958185,0
1709521997.992529,0
1709521998.034383,0
1709521998.065591,1
1709521998.107964,0
1709521998.135357,0
1709521998.164737,0
1709521998.190886,0
1709521998.218110,1
1709521998.262486,0
1709521998.281833,0
1709521998.318463,0
1709521998.342337,0
1709521998.401249,1
1709521998.426699,0
1709521998.484239,0
1709521998.504324,0
1709521998.537780,0
1709521998.563270,0
1709521998.608126,0
1709521998.660532,0
1709521998.700135,0
1709521998.723743,0
1709521998.751110,0
1709521998.795353,0
1709521998.821013,0
1709521998.851804,0
1709521998.898313,0
1709521998.924372,1
1709521998.959157,0
1709521998.991954,0
1709521999.013531,0
1709521999.044891,0
1709521999.064166,0
1709521999.112829,0
1709521999.138345,0
1709521999.169620,0
1709521999.203559,0
1709521999.225058,0
1709521999.256015,1
1709521999.299679,0
1709521999.324131,0
1709521999.351353,0
1709521999.376441,0
1709521999.424406,1
1709521999.454633,0
1709521999.510528,0
1709521999.537312,0
1709521999.575361,0
1709521999.598634,0
1709521999.622710,1
1709521999.656630,0
1709521999.677856,0
1709521999.700200,1
1709521999.725874,0
1709521999.800045,0
1709521999.832538,0
1709521999.858180,0
1709521999.915279,0
1709521999.971201,0
1709521999.994813,0
1709522000.025805,0
1709522000.074966,1
1709522000.103142,1
1709522000.132691,1
1709522000.184576,0
1709522000.221092,0
1709522000.258065,0
1709522000.284494,0
1709522000.312473,0
1709522000.357769,0
1709522000.386231,0
1709522000.417681,0
1709522000.467753,1
1709522000.488183,0
1709522000.507463,0
1709522000.535347,0
1709522000.577581,0
1709522000.606529,0
1709522000.629773,0
1709522000.679682,0
1709522000.699252,0
1709522000.754244,0
1709522000.789431,0
1709522000.811401,0
1709522000.849633,0
1709522000.895394,0
1709522000.916836,0
1709522000.967918,0
1709522000.989280,0
1709522001.013191,1
1709522001.033615,0
1709522001.058529,0
1709522001.114958,1
1709522001.138840,0
1709522001.165652,0
1709522001.214129,0
1709522001.272815,0
1709522001.295449,0
1709522001.317441,0
1709522001.349885,0
1709522001.390685,0
1709522001.431397,0
1709522001.452451,1
1709522001.473444,1
1709522001.500275,0
1709522001.523850,0
1709522001.548548,0
1709522001.588666,0
1709522001.638804,0
1709522001.685808,0
1709522001.714935,0
1709522001.738437,0
1709522001.800937,0
1709522001.845542,0
1709522001.877375,0
