1709520544.723579,0
1709520544.756636,0
1709520544.782715,0
1709520544.871426,6
1709520544.901841,20
1709520544.983650,25
1709520545.020114,25
1709520545.080907,25
1709520545.164616,25
1709520545.200296,25
1709520545.231230,24
1709520545.258888,24
1709520545.303459,20
1709520545.408812,25
1709520545.440361,24
1709520545.471992,24
1709520545.498538,21
1709520545.520320,20
1709520545.547465,17
1709520545.632033,16
1709520545.659652,19
1709520545.694567,13
1709520545.720596,14
1709520545.801604,15
1709520545.828094,15
1709520545.873762,13
1709520545.943926,15
1709520545.984780,16
1709520546.075193,16
1709520546.109550,16
1709520546.136058,18
1709520546.164248,19
1709520546.192969,17
1709520546.245752,17
1709520546.270611,18
1709520546.296361,17
1709520546.362946,14
1709520546.389138,19
1709520546.455291,16
1709520546.487744,19
1709520546.532033,18
1709520546.560674,16
1709520546.599926,20
1709520546.633115,20
1709520546.696945,20
1709520546.726719,21
1709520546.761755,19
1709520546.783732,21
1709520546.805709,21
1709520546.833274,21
1709520546.890773,15
1709520546.919843,22
1709520546.944205,20
1709520546.996077,21
1709520547.023378,21
1709520547.048049,21
1709520547.073369,21
1709520547.096943,22
1709520547.159963,22
1709520547.213939,21
1709520547.261621,23
1709520547.294621,22
1709520547.375520,25
1709520547.463587,22
1709520547.490604,24
1709520547.520497,25
1709520547.549989,23
1709520547.574540,24
1709520547.622277,22
1709520547.644351,22
1709520547.690961,15
1709520547.717876,15
1709520547.738387,14
1709520547.761270,12
1709520547.809720,13
1709520547.835014,13
1709520547.857815,15
1709520547.909938,9
1709520547.946189,14
1709520547.970288,14
1709520547.988266,15
1709520548.013001,16
1709520548.035323,14
1709520548.098023,15
1709520548.156380,15
1709520548.184076,16
1709520548.209690,16
1709520548.239326,15
1709520548.292153,17
1709520548.315632,16
1709520548.349978,17
1709520548.389965,14
1709520548.449325,15
1709520548.473024,23
1709520548.529084,19
1709520548.558510,18
1709520548.580635,19
1709520548.604939,20
1709520548.627582,19
1709520548.703798,20
1709520548.726248,21
1709520548.746785,19
1709520548.767385,21
1709520548.796005,21
1709520548.819161,20
1709520548.841933,19
1709520548.889600,20
1709520548.911266,22
1709520548.940169,22
1709520548.991667,17
1709520549.012936,22
1709520549.032784,21
1709520549.078356,21
1709520549.098307,22
1709520549.120440,22
1709520549.152589,21
1709520549.207057,22
1709520549.232409,25
1709520549.271583,21
1709520549.291769,22
1709520549.313307,25
1709520549.334641,24
1709520549.378496,21
1709520549.399540,25
1709520549.464380,24
1709520549.517994,25
1709520549.583580,22
1709520549.618370,22
1709520549.647161,24
1709520549.681784,23
1709520549.703682,24
1709520549.765664,24
1709520549.786551,24
1709520549.817165,21
1709520549.853041,17
1709520549.889253,13
1709520549.908283,11
1709520549.930894,13
1709520549.960268,13
1709520549.984911,13
1709520550.040009,10
1709520550.067689,15
1709520550.123924,15
1709520550.144553,16
1709520550.179690,16
1709520550.210680,14
1709520550.253727,16
1709520550.279726,17
1709520550.317833,15
1709520550.345605,17
1709520550.367054,17
1709520550.388374,17
1709520550.435791,16
1709520550.463421,18
1709520550.509401,20
1709520550.532972,19
1709520550.551256,19
1709520550.582850,18
1709520550.607537,19
1709520550.629824,18
1709520550.654936,18
1709520550.690948,20
1709520550.712346,19
1709520550.738900,18
1709520550.761405,20
1709520550.820299,20
1709520550.840784,20
1709520550.863190,20
1709520550.892802,20
1709520550.938639,21
1709520550.969251,22
1709520550.989874,21
1709520551.010842,21
1709520551.077017,21
1709520551.099398,22
1709520551.142789,21
1709520551.168371,23
1709520551.193710,23
1709520551.247130,22
1709520551.283590,20
1709520551.304801,24
1709520551.331638,25
1709520551.407861,21
1709520551.432290,23
1709520551.480564,25
1709520551.534704,21
1709520551.577669,21
1709520551.603256,23
1709520551.664650,18
1709520551.724107,17
1709520551.745144,13
1709520551.773255,14
1709520551.806175,12
1709520551.836713,14
1709520551.861645,12
1709520551.883316,14
1709520551.907439,13
1709520551.962354,15
1709520552.026711,15
1709520552.051331,14
1709520552.074373,15
1709520552.117015,12
1709520552.140351,16
1709520552.190044,11
1709520552.231169,16
1709520552.253210,18
1709520552.301979,16
1709520552.345411,17
1709520552.383056,19
1709520552.434593,15
1709520552.456158,19
1709520552.516496,15
1709520552.542739,18
1709520552.570451,19
1709520552.600015,20
1709520552.651596,17
1709520552.670856,20
1709520552.711286,19
1709520552.733132,20
1709520552.762745,18
1709520552.791590,19
1709520552.817729,19
1709520552.866643,19
1709520552.896030,20
1709520552.917877,20
1709520552.975126,19
1709520553.018187,22
1709520553.052257,21
1709520553.089677,19
1709520553.134465,22
1709520553.154169,21
1709520553.189251,23
1709520553.207984,23
1709520553.265578,20
1709520553.286721,21
1709520553.320671,22
1709520553.347524,21
1709520553.373131,22
1709520553.434937,20
1709520553.456582,23
1709520553.484863,22
1709520553.529449,25
1709520553.558059,25
1709520553.585117,25
1709520553.609967,24
1709520553.633440,24
1709520553.686094,24
1709520553.708582,25
1709520553.739546,24
1709520553.814528,24
1709520553.869439,22
1709520553.904875,22
1709520553.927780,24
1709520553.967507,21
1709520553.998291,16
1709520554.021837,16
1709520554.061239,10
1709520554.099777,8
1709520554.125681,9
1709520554.155734,8
1709520554.181199,7
1709520554.202841,8
1709520554.232032,8
1709520554.279519,9
1709520554.303699,9
1709520554.328832,12
1709520554.373337,11
1709520554.398354,10
1709520554.456414,9
1709520554.483348,8
1709520554.506975,12
1709520554.550178,10
1709520554.608587,13
1709520554.630033,14
1709520554.656303,13
1709520554.696067,11
1709520554.749283,15
1709520554.775908,15
1709520554.828543,11
1709520554.886933,17
1709520554.908803,15
1709520554.930912,16
1709520554.951485,16
1709520554.988846,14
1709520555.032382,18
1709520555.052055,16
1709520555.105458,14
1709520555.129390,17
1709520555.157418,18
1709520555.221981,15
1709520555.255227,19
1709520555.279258,19
1709520555.316575,16
1709520555.356267,20
1709520555.387458,19
1709520555.410213,19
1709520555.477462,17
1709520555.531445,19
1709520555.553017,20
1709520555.578050,20
1709520555.616193,20
1709520555.662736,16
1709520555.685203,21
1709520555.754365,16
1709520555.782417,21
1709520555.814189,21
1709520555.883379,16
1709520555.911029,24
1709520555.940047,23
1709520555.978355,22
1709520556.005602,22
1709520556.025942,23
1709520556.060815,20
1709520556.083546,23
1709520556.147010,23
1709520556.182535,24
1709520556.208131,23
1709520556.249043,21
1709520556.297199,19
1709520556.322225,22
1709520556.363001,21
1709520556.393422,20
1709520556.454352,12
1709520556.484035,11
1709520556.545125,12
1709520556.575321,12
1709520556.599825,13
1709520556.622797,13
1709520556.655295,12
1709520556.680349,13
1709520556.739219,13
1709520556.766491,14
1709520556.785752,15
1709520556.805432,16
1709520556.830829,15
1709520556.852336,14
1709520556.884570,14
1709520556.923387,15
1709520556.949777,19
1709520556.982852,17
1709520557.019236,14
1709520557.049829,18
1709520557.088473,16
1709520557.126063,16
1709520557.154670,20
1709520557.177204,18
1709520557.236272,14
1709520557.264786,20
1709520557.323670,15
1709520557.355340,20
1709520557.386505,19
1709520557.429859,16
1709520557.474217,16
1709520557.496119,20
1709520557.544863,18
1709520557.588521,22
1709520557.613318,22
1709520557.649832,22
1709520557.670561,21
1709520557.692053,21
1709520557.737684,16
1709520557.770633,23
1709520557.809929,22
1709520557.840324,22
1709520557.867144,24
1709520557.895720,23
1709520557.925261,23
1709520557.970968,15
1709520558.014026,20
1709520558.039307,22
1709520558.062328,24
1709520558.104260,23
1709520558.127112,24
1709520558.160334,24
1709520558.213053,22
1709520558.247363,23
1709520558.276437,24
1709520558.314969,20
1709520558.369337,23
1709520558.404590,23
1709520558.464557,20
1709520558.503274,19
1709520558.546236,10
1709520558.586488,14
1709520558.612518,14
1709520558.654912,14
1709520558.672849,12
1709520558.695357,16
1709520558.768242,14
1709520558.790986,16
1709520558.817252,16
1709520558.846706,14
1709520558.869357,17
1709520558.911357,12
1709520558.951694,15
1709520558.979014,16
1709520559.005309,18
1709520559.031449,15
1709520559.057833,17
1709520559.091475,17
1709520559.136779,16
1709520559.174849,19
1709520559.227900,13
1709520559.256257,18
1709520559.284734,18
1709520559.336625,19
1709520559.356654,19
1709520559.413645,16
1709520559.462243,21
1709520559.518333,19
1709520559.568995,18
1709520559.592678,20
1709520559.668322,21
1709520559.726986,22
1709520559.749314,21
1709520559.775256,19
1709520559.798484,21
1709520559.857369,21
1709520559.880433,22
1709520559.948295,22
1709520559.975871,23
1709520560.004349,22
1709520560.034905,23
1709520560.060830,22
1709520560.110006,23
1709520560.132694,23
1709520560.170659,20
1709520560.189914,24
1709520560.218744,23
1709520560.239629,25
1709520560.266113,23
1709520560.328000,17
1709520560.376750,22
1709520560.418992,25
1709520560.450176,25
1709520560.518702,24
1709520560.580483,25
1709520560.619393,24
1709520560.640161,23
1709520560.668785,22
1709520560.697067,24
1709520560.721077,22
1709520560.792363,20
1709520560.815706,17
1709520560.851182,13
1709520560.896036,13
1709520560.946914,14
1709520560.971406,14
1709520561.025455,12
1709520561.053851,15
1709520561.084939,14
1709520561.106325,15
1709520561.131162,16
1709520561.160149,15
1709520561.212831,16
1709520561.234431,17
1709520561.281560,12
1709520561.306972,16
1709520561.335333,17
1709520561.373475,15
1709520561.412757,15
1709520561.439618,19
1709520561.474415,17
1709520561.505726,18
1709520561.544384,17
1709520561.578705,18
1709520561.605543,19
1709520561.629726,17
1709520561.662936,19
1709520561.704154,19
1709520561.769276,21
1709520561.789394,19
1709520561.811821,19
1709520561.862753,17
1709520561.890687,20
1709520561.925731,19
1709520561.949789,21
1709520561.971129,21
1709520562.001095,21
1709520562.022531,22
1709520562.087834,18
1709520562.120194,22
1709520562.141007,22
1709520562.168901,22
1709520562.236049,23
1709520562.256139,22
1709520562.309273,24
1709520562.330203,23
1709520562.369533,25
1709520562.388116,24
1709520562.452517,24
1709520562.480181,23
1709520562.518021,24
1709520562.589365,25
1709520562.616577,24
1709520562.638163,25
1709520562.667417,23
1709520562.747926,25
1709520562.809047,21
1709520562.843446,18
1709520562.872658,10
1709520562.935060,12
1709520562.964829,13
1709520562.992458,14
1709520563.046945,10
1709520563.080461,14
1709520563.142110,9
1709520563.167836,13
1709520563.189447,16
1709520563.216483,16
1709520563.286739,9
1709520563.312856,16
1709520563.343796,16
1709520563.405007,15
1709520563.424240,18
1709520563.457853,16
1709520563.498697,17
1709520563.520991,17
1709520563.551518,16
1709520563.622023,19
1709520563.671171,17
1709520563.697523,18
1709520563.728517,19
1709520563.767425,20
1709520563.809176,19
1709520563.857378,19
1709520563.892250,12
1709520563.922964,20
1709520563.957589,20
1709520563.975460,22
1709520564.033396,21
1709520564.060444,20
1709520564.115594,21
1709520564.138702,22
1709520564.160971,24
1709520564.185581,21
1709520564.218612,22
1709520564.246437,21
1709520564.321486,21
1709520564.353586,23
1709520564.373460,23
1709520564.400259,23
1709520564.423224,23
1709520564.447125,24
1709520564.492278,25
1709520564.519805,24
1709520564.562752,20
1709520564.596328,24
1709520564.623631,24
1709520564.650263,24
1709520564.705773,21
1709520564.732802,24
1709520564.777598,24
1709520564.802495,24
1709520564.830927,24
1709520564.855219,21
1709520564.914398,16
1709520564.955705,8
1709520565.009519,15
1709520565.028252,13
1709520565.047402,13
1709520565.091121,14
1709520565.133496,14
1709520565.169892,15
1709520565.192635,14
1709520565.245342,14
1709520565.275301,14
1709520565.327428,14
1709520565.349749,15
1709520565.422850,15
1709520565.449985,17
1709520565.533307,17
1709520565.585789,15
1709520565.635250,18
1709520565.682991,13
1709520565.711411,20
1709520565.730687,20
1709520565.787825,18
1709520565.805311,19
1709520565.824459,17
1709520565.847667,19
1709520565.872860,19
1709520565.918776,18
1709520565.953319,19
1709520565.992617,18
1709520566.033613,20
1709520566.055866,21
1709520566.087575,19
1709520566.116910,20
1709520566.138862,22
1709520566.196111,17
1709520566.226199,22
1709520566.303547,22
1709520566.329743,22
1709520566.363711,23
1709520566.419483,22
1709520566.446796,20
1709520566.499316,20
1709520566.534710,23
1709520566.561005,23
1709520566.593666,23
1709520566.625195,21
1709520566.652204,23
1709520566.678889,24
1709520566.732880,23
1709520566.782629,24
1709520566.804420,24
1709520566.843731,20
1709520566.867749,24
1709520566.890368,24
1709520566.916615,24
1709520566.940246,22
1709520566.977224,25
1709520567.011029,23
1709520567.042489,21
1709520567.088403,18
1709520567.109043,17
1709520567.133257,14
1709520567.166032,13
1709520567.237772,12
1709520567.271783,14
1709520567.300082,14
1709520567.341074,11
1709520567.399704,16
1709520567.427117,15
1709520567.446057,16
1709520567.479128,17
1709520567.530505,11
1709520567.555885,16
1709520567.589037,16
1709520567.632343,17
1709520567.663796,17
1709520567.681921,18
1709520567.703920,18
1709520567.748141,19
1709520567.793206,18
1709520567.813246,18
1709520567.841221,18
1709520567.890407,18
1709520567.919922,19
1709520567.946897,16
1709520567.993671,19
1709520568.046585,17
1709520568.117903,20
1709520568.137068,21
1709520568.161868,21
1709520568.193583,20
1709520568.220159,21
1709520568.279008,21
1709520568.298157,21
1709520568.318417,22
1709520568.354940,23
1709520568.401891,19
1709520568.432775,22
1709520568.482875,22
1709520568.505082,24
1709520568.548168,23
1709520568.577673,23
1709520568.599884,22
1709520568.630735,22
1709520568.650296,24
1709520568.676498,23
1709520568.722464,19
1709520568.750684,21
1709520568.773292,20
1709520568.800307,17
1709520568.853346,9
1709520568.876019,10
1709520568.912640,12
1709520568.939628,12
1709520568.964958,12
1709520569.012639,13
1709520569.057163,13
1709520569.098811,13
1709520569.120160,14
1709520569.144135,13
1709520569.230521,14
1709520569.262959,14
1709520569.286508,15
1709520569.359931,16
1709520569.397230,16
1709520569.421024,13
1709520569.456171,18
1709520569.494898,17
1709520569.520469,16
1709520569.552167,17
1709520569.575327,19
1709520569.598749,18
1709520569.623422,16
1709520569.644573,18
1709520569.670897,18
1709520569.722933,15
1709520569.758697,19
1709520569.780470,20
1709520569.844362,15
1709520569.869162,19
1709520569.943135,17
1709520569.968384,20
1709520570.018270,20
1709520570.058596,20
1709520570.114323,20
1709520570.150763,21
1709520570.178460,22
1709520570.222481,22
1709520570.280083,24
1709520570.301373,23
1709520570.326252,23
1709520570.356905,22
1709520570.428044,23
1709520570.452386,21
1709520570.477968,23
1709520570.503670,23
1709520570.569816,22
1709520570.592520,23
1709520570.621215,25
1709520570.669726,21
1709520570.709039,25
1709520570.737657,25
1709520570.768660,23
1709520570.795573,25
1709520570.838527,23
1709520570.888261,20
1709520570.975231,12
1709520571.010209,14
1709520571.039124,10
1709520571.069637,12
1709520571.123737,14
1709520571.173531,12
1709520571.215976,15
1709520571.246612,15
1709520571.275851,14
1709520571.307018,15
1709520571.345539,15
1709520571.420941,11
1709520571.459424,16
1709520571.521980,14
1709520571.591565,16
1709520571.632374,19
1709520571.655085,16
1709520571.686968,16
1709520571.742495,17
1709520571.802906,18
1709520571.834347,19
1709520571.859225,19
1709520571.886119,17
1709520571.932925,19
1709520571.951696,20
1709520571.995021,17
1709520572.014902,19
1709520572.043347,19
1709520572.119246,21
1709520572.153677,22
1709520572.180047,21
1709520572.208378,20
1709520572.253192,19
1709520572.281930,22
1709520572.355781,22
1709520572.380544,22
1709520572.409405,20
1709520572.434298,22
1709520572.497365,22
1709520572.536440,24
1709520572.575016,23
1709520572.598982,23
1709520572.659659,21
1709520572.679641,25
1709520572.707772,24
1709520572.775199,22
1709520572.837175,25
1709520572.864654,25
1709520572.895124,24
1709520572.920531,25
1709520572.955940,25
1709520573.000978,24
1709520573.035246,23
1709520573.123156,16
1709520573.151838,15
1709520573.188283,13
1709520573.212795,14
1709520573.241931,14
1709520573.334856,14
1709520573.370693,14
1709520573.438787,15
1709520573.499692,16
1709520573.545603,17
1709520573.570354,16
1709520573.628940,17
1709520573.679548,16
1709520573.721418,16
1709520573.751400,18
1709520573.779624,18
1709520573.831421,16
1709520573.871950,18
1709520573.952003,19
1709520573.984361,21
1709520574.011419,18
1709520574.048103,19
1709520574.070254,22
1709520574.137006,19
1709520574.211892,19
1709520574.238650,20
1709520574.261091,22
1709520574.324386,20
1709520574.347592,19
1709520574.376085,22
1709520574.415664,21
1709520574.465481,21
1709520574.501451,22
1709520574.559892,19
1709520574.605028,23
1709520574.639886,23
1709520574.693079,20
1709520574.711656,23
1709520574.737043,23
1709520574.789609,22
1709520574.837083,25
1709520574.928212,20
1709520574.971816,25
1709520575.012660,22
1709520575.040548,20
1709520575.137943,19
1709520575.192107,16
1709520575.218513,12
1709520575.268632,11
1709520575.307641,11
1709520575.345263,11
1709520575.375077,14
1709520575.439491,11
1709520575.461214,15
1709520575.506831,17
1709520575.572479,15
1709520575.598554,16
1709520575.639015,17
1709520575.665090,16
1709520575.705212,17
1709520575.762489,16
1709520575.791838,16
1709520575.817275,19
1709520575.837252,17
1709520575.861282,18
1709520575.923712,16
1709520575.967387,19
1709520576.004530,19
1709520576.045843,19
1709520576.114872,17
1709520576.200494,18
1709520576.244922,21
1709520576.279193,21
1709520576.296653,22
1709520576.321209,20
1709520576.376917,19
1709520576.479837,23
1709520576.500573,20
1709520576.545035,22
1709520576.631760,21
1709520576.668973,20
1709520576.799242,23
1709520576.863349,23
1709520576.915194,22
1709520576.963884,24
1709520577.031709,20
1709520577.064890,25
1709520577.118589,24
1709520577.149549,23
1709520577.185741,24
1709520577.210507,25
1709520577.259089,25
1709520577.285461,23
1709520577.321306,21
1709520577.342870,16
1709520577.429792,13
1709520577.455840,14
1709520577.484469,14
1709520577.508879,14
1709520577.549959,13
1709520577.577480,14
1709520577.607460,15
1709520577.637852,15
1709520577.671028,16
1709520577.705759,14
1709520577.749645,12
1709520577.795368,16
1709520577.872769,17
1709520577.900128,17
1709520577.948978,16
1709520578.021739,15
1709520578.096573,17
1709520578.119038,19
1709520578.164301,17
1709520578.195773,19
1709520578.229586,18
1709520578.299235,17
1709520578.378921,19
1709520578.400781,21
1709520578.425256,20
1709520578.472497,18
1709520578.513062,20
1709520578.540940,19
1709520578.580374,18
1709520578.617095,22
1709520578.640316,22
1709520578.700833,21
1709520578.727948,21
1709520578.758539,22
1709520578.816994,19
1709520578.867781,22
1709520578.894773,22
1709520578.953500,22
1709520578.990514,23
1709520579.072594,25
1709520579.093556,24
1709520579.118362,24
1709520579.166459,20
1709520579.212238,24
1709520579.238453,23
1709520579.260834,23
1709520579.280512,23
1709520579.321584,20
1709520579.380292,18
1709520579.408444,12
1709520579.430018,12
1709520579.464759,13
1709520579.505361,12
1709520579.533687,13
1709520579.553091,14
1709520579.585996,12
1709520579.610957,12
1709520579.635854,13
1709520579.659368,15
1709520579.731378,14
1709520579.766315,14
1709520579.809347,15
1709520579.841520,14
1709520579.901073,14
1709520579.953030,16
1709520579.984058,18
1709520580.027231,18
1709520580.059009,17
1709520580.082671,18
1709520580.133806,17
1709520580.152536,19
1709520580.177314,18
1709520580.259571,19
1709520580.326161,16
1709520580.355646,20
1709520580.415289,21
1709520580.475592,17
1709520580.503532,22
1709520580.523594,21
1709520580.554228,20
1709520580.609566,18
1709520580.638828,22
1709520580.664115,22
1709520580.706859,19
1709520580.733141,23
1709520580.757057,22
1709520580.780005,22
1709520580.835122,21
1709520580.875721,23
1709520580.939269,21
1709520580.971675,23
1709520580.997724,24
1709520581.028179,24
1709520581.060627,24
1709520581.103477,23
1709520581.125214,23
1709520581.188820,24
1709520581.233294,24
1709520581.262801,22
1709520581.324450,23
1709520581.367258,24
1709520581.390478,23
1709520581.419564,25
1709520581.444857,23
1709520581.477692,22
1709520581.523356,20
1709520581.563776,19
1709520581.597737,17
1709520581.626700,18
1709520581.648374,11
1709520581.680157,12
1709520581.712102,14
1709520581.760460,9
1709520581.787676,12
1709520581.809185,16
1709520581.829934,15
1709520581.855322,14
1709520581.907684,10
1709520581.930735,14
1709520581.961944,15
1709520581.996465,16
1709520582.028240,17
1709520582.049620,17
1709520582.074288,16
1709520582.128718,17
1709520582.150649,16
1709520582.219533,17
1709520582.242494,17
1709520582.273032,18
1709520582.334958,18
1709520582.383681,14
1709520582.416564,20
1709520582.442155,18
1709520582.510709,14
1709520582.542692,19
1709520582.592181,16
1709520582.616379,18
1709520582.646697,19
1709520582.674945,21
1709520582.699670,20
1709520582.795210,17
1709520582.842485,22
1709520582.866679,22
1709520582.928401,22
1709520582.953915,23
1709520582.976692,22
1709520582.998086,22
1709520583.020142,22
1709520583.079733,23
1709520583.110831,24
1709520583.133445,23
1709520583.225958,18
1709520583.259370,24
1709520583.280743,23
1709520583.308097,24
1709520583.370759,19
1709520583.400497,25
1709520583.481208,21
1709520583.508132,24
1709520583.547757,25
1709520583.590124,23
1709520583.610510,25
1709520583.681928,18
1709520583.704403,19
1709520583.732635,15
1709520583.778705,11
1709520583.818928,13
1709520583.844085,12
1709520583.927275,10
1709520583.948574,13
1709520583.985991,14
1709520584.010491,15
1709520584.034752,14
1709520584.058909,14
1709520584.104165,17
1709520584.160030,15
1709520584.187666,16
1709520584.226771,18
1709520584.271710,15
1709520584.320752,18
1709520584.378346,17
1709520584.412107,17
1709520584.432277,18
1709520584.451197,17
1709520584.470761,17
1709520584.504256,18
1709520584.535872,19
1709520584.606846,19
1709520584.642222,19
1709520584.687441,19
1709520584.731329,21
1709520584.801013,18
1709520584.834298,20
1709520584.863957,20
1709520584.884723,22
1709520584.908283,20
1709520584.988559,16
1709520585.040523,21
1709520585.079422,23
1709520585.135279,23
1709520585.173880,23
1709520585.202841,23
1709520585.222232,23
1709520585.259928,21
1709520585.303343,22
1709520585.323181,23
1709520585.363404,20
1709520585.401814,23
1709520585.425724,23
1709520585.446957,22
1709520585.504318,23
1709520585.536299,25
1709520585.559477,25
1709520585.583116,24
1709520585.624834,22
1709520585.652909,25
1709520585.672429,23
1709520585.733966,21
1709520585.773139,20
1709520585.805144,17
1709520585.836971,12
1709520585.864411,14
1709520585.907150,9
1709520585.969551,13
1709520585.990732,12
1709520586.032752,13
1709520586.081499,9
1709520586.103962,16
1709520586.146866,11
1709520586.171133,17
1709520586.198702,15
1709520586.222381,16
1709520586.288457,16
1709520586.416430,17
1709520586.450181,17
1709520586.482558,15
1709520586.503314,16
1709520586.526072,17
1709520586.548138,16
1709520586.571622,17
1709520586.597403,18
1709520586.656860,19
1709520586.682962,18
1709520586.719327,19
1709520586.794594,19
1709520586.827943,19
1709520586.881158,16
1709520586.904966,20
1709520586.938883,17
1709520586.966708,20
1709520586.992180,20
1709520587.055914,19
1709520587.088792,22
1709520587.182694,20
1709520587.214263,21
1709520587.243415,20
1709520587.313928,20
1709520587.355160,23
1709520587.406729,22
1709520587.430313,22
1709520587.475456,20
1709520587.505234,22
1709520587.550606,24
1709520587.573904,23
1709520587.653255,21
1709520587.680315,25
1709520587.735380,22
1709520587.760540,23
1709520587.781280,22
1709520587.801407,25
1709520587.821014,25
1709520587.856107,25
1709520587.925203,21
1709520588.015999,25
1709520588.039027,24
1709520588.086079,25
1709520588.111295,22
1709520588.175276,17
1709520588.203103,16
1709520588.267101,11
1709520588.291166,12
1709520588.311362,13
1709520588.361197,13
1709520588.396938,15
1709520588.422537,12
1709520588.471363,9
1709520588.499507,15
1709520588.524510,15
1709520588.550703,15
1709520588.612162,11
1709520588.632268,16
1709520588.661407,15
1709520588.716195,15
1709520588.737614,18
1709520588.764371,16
1709520588.787956,16
1709520588.814097,18
1709520588.833775,17
1709520588.877543,16
1709520588.913423,19
1709520589.002343,18
1709520589.045571,20
1709520589.067145,20
1709520589.127935,19
1709520589.158769,19
1709520589.223163,18
1709520589.269291,20
1709520589.309902,19
1709520589.352957,15
1709520589.381380,21
1709520589.451045,15
1709520589.518399,20
1709520589.541241,21
1709520589.597178,20
1709520589.659700,20
1709520589.684377,24
1709520589.740848,22
1709520589.786395,23
1709520589.838754,23
1709520589.863083,23
1709520589.925058,20
1709520589.954513,23
1709520589.973066,23
1709520589.996833,23
1709520590.023437,23
1709520590.047818,23
1709520590.079693,24
1709520590.106813,24
1709520590.153334,24
1709520590.221452,25
1709520590.256651,21
1709520590.281997,24
1709520590.321105,21
1709520590.351364,18
1709520590.420174,16
1709520590.449233,12
1709520590.470587,13
1709520590.490048,13
1709520590.525130,12
1709520590.561062,9
1709520590.637923,13
1709520590.663504,14
1709520590.696164,15
1709520590.750440,13
1709520590.792165,12
1709520590.816641,16
1709520590.862544,15
1709520590.904644,14
1709520590.950675,16
1709520590.986643,17
1709520591.026026,18
1709520591.063455,16
1709520591.103049,15
1709520591.131647,19
1709520591.156415,19
1709520591.177468,19
1709520591.250773,20
1709520591.279714,19
1709520591.334221,15
1709520591.373524,20
1709520591.398536,18
1709520591.418981,20
1709520591.500272,19
1709520591.569594,22
1709520591.597222,19
1709520591.623599,21
1709520591.695695,22
1709520591.750196,19
1709520591.802051,19
1709520591.822329,21
1709520591.857836,22
1709520591.890125,22
1709520591.932949,21
1709520591.969710,22
1709520592.015128,22
1709520592.051018,23
1709520592.091500,23
1709520592.118909,24
1709520592.166084,23
1709520592.202373,25
1709520592.235022,24
1709520592.255876,24
1709520592.280019,24
1709520592.308136,23
1709520592.346633,24
1709520592.371377,24
1709520592.456166,25
1709520592.478872,23
1709520592.510612,25
1709520592.538725,23
1709520592.572252,24
1709520592.631061,15
1709520592.656948,13
1709520592.700237,12
1709520592.722696,12
1709520592.754079,12
1709520592.808213,14
1709520592.838701,13
1709520592.879759,11
1709520592.911357,15
1709520592.938562,13
1709520593.008047,14
1709520593.028682,17
1709520593.056744,13
1709520593.117012,18
1709520593.139886,18
1709520593.162530,17
1709520593.192458,17
1709520593.234271,18
1709520593.262497,16
1709520593.294557,15
1709520593.326786,18
1709520593.352202,17
1709520593.389219,17
1709520593.411747,20
1709520593.466269,19
1709520593.506935,19
1709520593.534455,20
1709520593.563035,21
1709520593.617535,21
1709520593.672950,21
1709520593.703080,19
1709520593.730906,20
1709520593.754730,22
1709520593.796499,20
1709520593.838327,22
1709520593.859578,21
1709520593.908722,19
1709520593.959395,19
1709520593.984264,23
1709520594.006705,22
1709520594.030474,23
1709520594.073690,24
1709520594.130311,19
1709520594.176584,24
1709520594.216566,23
1709520594.241511,24
1709520594.302042,21
1709520594.322474,25
1709520594.344883,25
1709520594.364773,23
1709520594.421177,21
1709520594.443304,23
1709520594.469069,24
1709520594.523593,21
1709520594.553958,17
1709520594.575402,11
1709520594.615587,13
1709520594.658656,10
1709520594.687495,13
1709520594.753462,8
1709520594.775835,14
1709520594.809098,13
1709520594.870675,11
1709520594.898030,15
1709520594.922971,15
1709520594.980731,13
1709520595.023831,15
1709520595.104740,17
1709520595.127127,17
1709520595.177603,11
1709520595.222875,16
1709520595.256174,18
1709520595.297188,16
1709520595.364016,16
1709520595.397283,18
1709520595.417697,20
1709520595.446865,18
1709520595.480395,18
1709520595.516380,18
1709520595.541893,20
1709520595.568987,19
1709520595.594588,20
1709520595.656124,20
1709520595.704461,16
1709520595.742836,20
1709520595.767126,21
1709520595.789432,20
1709520595.812896,21
1709520595.850649,19
1709520595.896347,22
1709520595.928265,19
1709520595.970179,20
1709520595.994066,22
1709520596.022489,22
1709520596.042830,22
1709520596.109639,20
1709520596.138587,22
1709520596.179060,23
1709520596.222875,21
1709520596.243919,23
1709520596.268614,24
1709520596.290008,25
1709520596.336484,22
1709520596.359696,24
1709520596.409135,23
1709520596.439198,24
1709520596.467549,23
1709520596.542448,17
1709520596.568675,16
1709520596.648107,10
1709520596.671475,15
1709520596.695539,14
1709520596.729958,10
1709520596.799538,13
1709520596.822770,13
1709520596.856975,14
1709520596.876843,14
1709520596.917792,13
1709520596.943785,15
1709520597.014994,13
1709520597.060694,16
1709520597.102924,15
1709520597.138439,16
1709520597.162274,17
1709520597.207340,17
1709520597.266145,17
1709520597.291147,18
1709520597.350770,15
1709520597.381678,18
1709520597.444368,17
1709520597.467231,18
1709520597.493661,19
1709520597.518353,18
1709520597.587146,20
1709520597.610679,21
1709520597.631947,18
1709520597.690994,20
1709520597.716560,22
1709520597.739392,21
1709520597.759929,19
1709520597.794461,19
1709520597.814815,21
1709520597.865643,19
1709520597.892931,22
1709520597.942416,20
1709520597.973983,21
1709520598.012980,23
1709520598.045676,20
1709520598.094374,21
1709520598.125105,23
1709520598.183272,22
1709520598.206834,23
1709520598.228849,24
1709520598.264479,24
1709520598.294719,21
1709520598.316016,23
1709520598.392873,23
1709520598.424409,24
1709520598.451302,24
1709520598.520210,24
1709520598.551709,24
1709520598.577606,23
1709520598.603546,25
1709520598.622007,24
1709520598.670754,25
1709520598.727601,21
1709520598.756037,20
1709520598.793937,20
1709520598.834089,15
1709520598.880984,14
1709520598.966874,12
1709520599.001160,12
1709520599.032162,14
1709520599.090569,13
1709520599.112075,16
1709520599.136396,14
1709520599.178332,15
1709520599.205572,14
1709520599.235148,16
1709520599.261010,16
1709520599.327661,16
1709520599.352236,18
1709520599.380093,16
1709520599.408988,15
1709520599.456986,15
1709520599.482809,19
1709520599.537716,14
1709520599.563039,19
1709520599.591574,18
1709520599.619627,17
1709520599.688959,15
1709520599.717222,19
1709520599.749502,18
1709520599.810018,18
1709520599.838046,20
1709520599.869366,19
1709520599.896870,20
1709520599.947400,19
1709520600.010936,18
1709520600.038697,20
1709520600.083186,19
1709520600.120278,20
1709520600.148178,22
1709520600.194116,20
1709520600.242329,23
1709520600.307581,22
1709520600.336774,22
1709520600.399305,19
1709520600.435579,23
1709520600.489277,24
1709520600.526851,24
1709520600.576231,22
1709520600.612188,23
1709520600.677664,22
1709520600.708522,25
1709520600.756708,24
1709520600.776648,25
1709520600.809005,25
1709520600.838354,24
1709520600.876904,24
1709520600.928981,25
1709520600.954935,23
1709520600.976235,24
1709520601.011993,21
1709520601.058228,16
1709520601.087181,14
1709520601.116594,14
1709520601.147807,13
1709520601.217478,10
1709520601.283420,14
1709520601.313010,13
1709520601.341367,15
1709520601.392606,11
1709520601.438515,17
1709520601.458318,18
1709520601.497975,16
1709520601.574906,19
1709520601.595410,18
1709520601.646148,17
1709520601.675750,18
1709520601.724427,18
1709520601.754649,18
1709520601.792015,18
1709520601.815938,18
1709520601.856057,20
1709520601.878406,21
1709520601.903656,20
1709520601.934116,19
1709520601.959765,22
1709520601.985507,21
1709520602.035759,17
1709520602.059667,20
1709520602.080327,21
1709520602.108708,17
1709520602.175916,20
1709520602.196249,21
1709520602.220611,19
1709520602.260619,21
1709520602.284130,21
1709520602.343179,17
1709520602.375219,22
1709520602.393524,22
1709520602.439421,18
1709520602.462251,22
1709520602.509892,20
1709520602.529019,24
1709520602.553467,24
1709520602.587201,23
1709520602.663098,22
1709520602.704465,24
1709520602.754886,25
1709520602.774985,24
1709520602.806662,24
1709520602.837532,23
1709520602.877367,24
1709520602.910687,24
1709520602.942493,22
1709520602.979380,21
1709520603.007075,23
1709520603.028592,21
1709520603.057345,20
1709520603.077639,20
1709520603.097028,18
1709520603.128416,12
1709520603.168593,13
1709520603.195385,13
1709520603.273552,12
1709520603.295182,16
1709520603.323620,16
1709520603.346909,13
1709520603.389201,15
1709520603.460053,16
1709520603.496884,18
1709520603.521908,16
1709520603.545543,17
1709520603.565349,15
1709520603.636385,16
1709520603.712079,18
1709520603.746337,17
1709520603.767451,18
1709520603.814530,18
1709520603.834944,19
1709520603.859661,16
1709520603.911087,14
1709520603.934211,18
1709520603.966838,18
1709520603.990706,19
1709520604.040396,17
1709520604.062128,20
1709520604.090364,19
1709520604.158634,20
1709520604.180226,21
1709520604.198107,18
1709520604.223222,21
1709520604.244040,20
1709520604.265657,21
1709520604.288237,19
1709520604.335007,21
1709520604.394630,20
1709520604.416474,22
1709520604.462230,22
1709520604.510601,22
1709520604.530614,23
1709520604.557906,22
1709520604.629997,24
1709520604.652219,23
1709520604.676915,22
1709520604.700625,23
1709520604.729831,23
1709520604.784643,24
1709520604.846946,20
1709520604.868157,25
1709520604.896350,23
1709520604.920375,24
1709520604.978514,24
1709520605.029757,24
1709520605.062625,22
1709520605.090370,22
1709520605.124216,19
1709520605.182140,12
1709520605.210386,12
1709520605.273862,10
1709520605.320402,12
1709520605.351648,13
1709520605.408329,13
1709520605.432842,15
1709520605.456238,15
1709520605.527159,11
1709520605.550631,15
1709520605.580193,16
1709520605.604627,17
1709520605.669508,16
1709520605.701471,17
1709520605.760971,14
1709520605.787172,14
1709520605.843543,12
1709520605.866040,18
1709520605.894035,18
1709520605.939080,16
1709520605.961860,19
1709520605.985340,19
1709520606.041506,18
1709520606.063757,18
1709520606.123362,13
1709520606.152559,21
1709520606.202145,19
1709520606.239128,20
1709520606.285880,20
1709520606.309249,22
1709520606.356939,20
1709520606.379316,21
1709520606.399493,22
1709520606.443750,21
1709520606.474341,21
1709520606.532105,16
1709520606.553165,22
1709520606.618787,22
1709520606.653559,23
1709520606.680463,19
1709520606.741525,23
1709520606.808028,22
1709520606.834028,24
1709520606.860676,23
1709520606.940213,24
1709520606.989900,23
1709520607.016182,24
1709520607.048839,24
1709520607.072435,25
1709520607.150605,23
1709520607.212623,18
1709520607.238021,17
1709520607.275476,17
1709520607.297145,16
1709520607.321052,12
1709520607.378485,13
1709520607.404130,12
1709520607.447538,12
1709520607.467966,14
1709520607.493810,15
1709520607.524134,14
1709520607.545089,14
1709520607.582331,16
1709520607.614113,16
1709520607.637153,16
1709520607.662274,16
1709520607.711902,14
1709520607.735801,16
1709520607.774506,18
1709520607.825861,16
1709520607.864189,18
1709520607.887787,18
1709520607.916503,17
1709520607.948046,16
1709520607.975764,18
1709520608.043991,17
1709520608.072471,19
1709520608.109061,19
1709520608.180222,18
1709520608.213519,21
1709520608.246326,19
1709520608.272645,20
1709520608.297973,20
1709520608.355297,20
1709520608.395631,21
1709520608.417789,20
1709520608.471380,17
1709520608.494483,22
1709520608.531345,21
1709520608.555994,23
1709520608.599098,20
1709520608.630833,23
1709520608.693636,19
1709520608.714008,22
1709520608.749738,23
1709520608.820491,23
1709520608.860260,24
1709520608.905698,23
1709520608.930141,24
1709520608.954643,23
1709520609.025977,25
1709520609.061386,24
1709520609.085171,22
1709520609.112194,25
1709520609.143427,24
1709520609.221456,24
1709520609.250316,25
1709520609.287365,25
1709520609.312961,23
1709520609.349057,24
1709520609.383718,22
1709520609.402846,23
1709520609.425175,23
1709520609.456017,21
1709520609.499340,14
1709520609.524244,12
1709520609.546542,15
1709520609.596757,10
1709520609.632596,11
1709520609.653937,16
1709520609.712835,9
1709520609.735217,15
1709520609.814426,13
1709520609.837257,13
1709520609.863760,16
1709520609.891833,16
1709520609.977002,13
1709520610.034227,11
1709520610.086809,17
1709520610.123399,16
1709520610.161876,18
1709520610.226683,17
1709520610.283098,17
1709520610.308271,19
1709520610.335172,18
1709520610.371770,18
1709520610.414052,19
1709520610.446930,19
1709520610.471566,19
1709520610.500791,21
1709520610.529211,20
1709520610.601125,20
1709520610.627868,21
1709520610.677969,21
1709520610.700278,22
1709520610.735394,22
1709520610.757648,19
1709520610.790910,21
1709520610.840563,22
1709520610.870032,21
1709520610.925940,21
1709520610.955401,23
1709520610.978664,21
1709520611.010491,23
1709520611.041569,23
1709520611.114290,21
1709520611.132639,22
1709520611.156802,23
1709520611.188912,21
1709520611.228570,25
1709520611.263386,25
1709520611.293483,25
1709520611.329838,21
1709520611.396149,25
1709520611.424328,23
1709520611.469355,23
1709520611.515593,24
1709520611.537181,24
1709520611.599814,18
1709520611.628884,13
1709520611.665867,12
1709520611.737305,11
1709520611.801569,10
1709520611.829524,14
1709520611.849381,14
1709520611.879163,13
1709520611.925243,13
1709520611.948118,15
1709520611.995670,9
1709520612.024169,14
1709520612.055992,16
1709520612.126657,13
1709520612.156363,17
1709520612.184186,18
1709520612.214044,13
1709520612.246604,18
1709520612.269459,17
1709520612.306123,18
1709520612.329821,18
1709520612.381811,15
1709520612.410563,20
1709520612.495282,22
1709520612.529109,19
1709520612.561779,20
1709520612.631990,21
1709520612.650513,19
1709520612.671482,21
1709520612.760134,18
1709520612.784849,22
1709520612.816306,22
1709520612.844876,22
1709520612.868563,22
1709520612.891342,20
1709520612.950645,17
1709520612.973155,23
1709520612.998332,22
1709520613.057427,17
1709520613.083276,22
1709520613.133960,21
1709520613.174704,23
1709520613.244991,22
1709520613.286626,24
1709520613.323352,20
1709520613.375093,23
1709520613.421537,23
1709520613.445476,24
1709520613.468387,23
1709520613.491448,24
1709520613.542424,18
1709520613.567187,23
1709520613.602495,25
1709520613.625596,24
1709520613.645637,25
1709520613.668515,22
1709520613.728764,20
1709520613.752659,20
1709520613.787031,15
1709520613.817135,14
1709520613.840735,12
1709520613.877408,12
1709520613.929489,13
1709520613.947878,12
1709520613.997761,11
1709520614.030823,15
1709520614.050568,15
1709520614.070487,14
1709520614.110173,17
1709520614.147939,15
1709520614.169194,15
1709520614.208229,15
1709520614.245630,18
1709520614.267830,17
1709520614.294838,17
1709520614.332275,17
1709520614.351714,17
1709520614.406184,16
1709520614.431022,19
1709520614.456207,17
1709520614.481373,18
1709520614.530367,19
1709520614.567556,20
1709520614.588223,19
1709520614.607496,20
1709520614.641762,20
1709520614.698732,17
1709520614.720847,21
1709520614.768950,21
1709520614.791318,21
1709520614.816318,21
1709520614.851008,21
1709520614.894321,19
1709520614.919017,22
1709520614.990865,19
1709520615.014388,20
1709520615.047498,23
1709520615.104735,22
1709520615.150924,22
1709520615.180523,22
1709520615.211549,22
1709520615.256298,22
1709520615.296376,23
1709520615.325854,23
1709520615.379800,19
1709520615.401075,24
1709520615.420896,24
1709520615.443362,24
1709520615.484260,23
1709520615.521477,24
1709520615.544004,25
1709520615.577808,24
1709520615.630288,24
1709520615.652918,24
1709520615.709512,23
1709520615.728649,25
1709520615.745748,24
1709520615.813414,21
1709520615.841866,21
1709520615.869543,18
1709520615.896524,13
1709520615.945404,11
1709520615.991680,7
1709520616.028178,15
1709520616.058164,16
1709520616.076965,15
1709520616.104860,13
1709520616.170667,13
1709520616.236710,17
1709520616.263329,15
1709520616.298485,15
1709520616.353646,18
1709520616.411661,17
1709520616.443673,16
1709520616.469273,17
1709520616.515943,17
1709520616.559784,15
1709520616.587087,19
1709520616.606060,17
1709520616.650911,18
1709520616.685179,19
1709520616.742363,17
1709520616.764722,19
1709520616.803238,20
1709520616.854138,19
1709520616.931462,20
1709520616.951577,21
1709520616.975075,21
1709520617.012420,21
1709520617.035761,19
1709520617.062577,20
1709520617.126960,19
1709520617.174103,21
1709520617.209145,23
1709520617.235994,22
1709520617.261729,21
1709520617.326702,17
1709520617.359150,23
1709520617.405380,21
1709520617.426556,22
1709520617.461447,24
1709520617.487221,23
1709520617.545034,25
1709520617.592377,20
1709520617.624943,22
1709520617.652756,25
1709520617.685011,25
1709520617.704857,24
1709520617.745409,22
1709520617.772400,23
1709520617.808030,25
1709520617.854978,25
1709520617.876601,24
1709520617.897992,25
1709520617.948733,20
1709520617.980948,22
1709520618.022739,21
1709520618.048361,18
1709520618.068717,16
1709520618.094847,15
1709520618.133115,14
1709520618.168103,11
1709520618.236610,12
1709520618.261604,14
1709520618.324811,11
1709520618.359613,15
1709520618.388022,14
1709520618.464740,16
1709520618.484746,13
1709520618.549401,16
1709520618.577318,16
1709520618.617943,15
1709520618.662912,17
1709520618.706040,17
1709520618.770754,18
1709520618.813828,19
1709520618.838670,19
1709520618.912655,19
1709520618.940591,18
1709520618.995564,18
1709520619.036298,20
1709520619.061478,21
1709520619.084197,22
1709520619.113515,22
1709520619.163290,21
1709520619.209039,17
1709520619.231942,20
1709520619.253492,21
1709520619.274287,20
1709520619.299349,20
1709520619.318841,21
1709520619.362594,22
1709520619.393153,23
1709520619.421621,22
1709520619.477793,16
1709520619.500425,21
1709520619.531029,21
1709520619.581664,20
1709520619.610801,23
1709520619.632427,22
1709520619.652112,23
1709520619.671967,23
1709520619.729086,17
1709520619.797530,25
1709520619.818826,24
1709520619.897467,25
1709520619.946448,23
1709520619.994035,20
1709520620.011839,24
1709520620.035413,25
1709520620.070953,24
1709520620.095747,22
1709520620.148242,18
1709520620.197195,14
1709520620.222705,12
1709520620.248302,12
1709520620.273850,12
1709520620.293072,13
1709520620.378290,13
1709520620.405581,13
1709520620.427376,14
1709520620.459709,14
1709520620.502673,13
1709520620.563928,11
1709520620.603228,15
1709520620.623381,14
1709520620.686796,14
1709520620.719684,16
1709520620.755870,15
1709520620.779999,17
1709520620.800416,15
1709520620.835538,16
1709520620.869243,18
1709520620.922311,18
1709520620.949583,17
1709520620.970607,18
1709520621.022179,19
1709520621.042474,17
1709520621.100203,17
1709520621.132502,20
1709520621.155550,19
1709520621.241898,17
1709520621.269682,20
1709520621.288931,20
1709520621.329103,21
1709520621.351028,20
1709520621.415093,21
1709520621.473631,21
1709520621.497899,20
1709520621.528490,20
1709520621.557582,19
1709520621.600002,21
1709520621.621601,23
1709520621.646675,22
1709520621.672498,22
1709520621.694779,23
1709520621.722880,23
1709520621.755901,23
1709520621.780194,23
1709520621.800763,24
1709520621.827864,24
1709520621.851879,24
1709520621.899195,25
1709520621.927209,24
1709520621.965425,25
1709520621.995894,25
1709520622.015514,24
1709520622.041280,25
1709520622.098516,21
1709520622.121634,23
1709520622.174026,17
1709520622.207127,17
1709520622.238403,15
1709520622.267273,14
1709520622.316766,11
1709520622.361153,13
1709520622.390081,14
1709520622.411510,14
1709520622.435884,13
1709520622.488794,5
1709520622.541571,12
1709520622.567085,15
1709520622.596446,14
1709520622.619543,16
1709520622.671370,15
1709520622.749247,17
1709520622.779628,15
1709520622.802058,15
1709520622.832307,17
1709520622.856949,15
1709520622.888343,17
1709520622.927457,17
1709520622.957075,19
1709520622.984125,19
1709520623.027473,15
1709520623.049345,19
1709520623.116274,17
1709520623.139657,19
1709520623.163727,17
1709520623.188821,19
1709520623.215747,19
1709520623.258457,16
1709520623.288851,21
1709520623.318564,19
1709520623.352971,21
1709520623.382801,22
1709520623.407942,20
1709520623.442198,16
1709520623.485644,21
1709520623.547508,20
1709520623.579836,23
1709520623.615314,23
1709520623.639232,21
1709520623.690694,23
1709520623.719426,24
1709520623.764439,22
1709520623.804845,23
1709520623.828360,24
1709520623.867663,24
1709520623.886805,24
1709520623.930697,23
1709520623.967044,24
1709520623.989738,24
1709520624.035419,23
1709520624.057009,23
1709520624.084867,24
1709520624.141600,23
1709520624.189370,23
1709520624.216903,22
1709520624.249241,20
1709520624.274494,18
1709520624.325246,8
1709520624.348861,13
1709520624.391093,11
1709520624.424821,13
1709520624.457911,15
1709520624.484870,15
1709520624.536686,14
1709520624.559373,13
1709520624.587097,15
1709520624.607318,16
1709520624.634646,16
1709520624.664712,15
1709520624.683317,15
1709520624.721941,16
1709520624.764035,16
1709520624.794754,18
1709520624.816663,17
1709520624.878352,18
1709520624.908039,19
1709520624.931422,18
1709520624.951760,18
1709520625.006460,14
1709520625.032942,19
1709520625.105873,17
1709520625.129286,19
1709520625.152768,21
1709520625.215977,14
1709520625.270431,21
1709520625.298903,18
1709520625.329403,20
1709520625.386333,21
1709520625.408366,22
1709520625.459698,21
1709520625.479924,22
1709520625.503048,20
1709520625.532452,23
1709520625.554741,21
1709520625.625062,15
1709520625.657394,23
1709520625.691293,20
1709520625.720151,22
1709520625.768749,21
1709520625.793545,24
1709520625.818667,22
1709520625.870374,22
1709520625.893602,24
1709520625.921361,24
1709520625.974526,21
1709520625.995198,24
1709520626.033874,25
1709520626.058685,25
1709520626.092890,25
1709520626.117523,24
1709520626.164963,18
1709520626.201460,23
1709520626.228290,20
1709520626.262760,17
1709520626.302653,14
1709520626.329190,13
1709520626.381245,10
1709520626.416426,13
1709520626.439977,14
1709520626.508751,14
1709520626.527902,16
1709520626.552486,14
1709520626.574185,15
1709520626.595904,14
1709520626.616563,14
1709520626.640140,16
1709520626.668726,16
1709520626.709413,16
1709520626.731487,15
1709520626.783420,14
1709520626.821181,16
1709520626.848810,17
1709520626.895172,17
1709520626.946774,15
1709520626.971312,18
1709520627.024002,14
1709520627.047168,19
1709520627.071279,19
1709520627.095044,20
1709520627.156662,17
1709520627.202718,20
1709520627.250629,21
1709520627.318385,20
1709520627.338393,21
1709520627.372811,22
1709520627.400608,23
1709520627.448825,14
1709520627.516415,21
1709520627.548030,20
1709520627.597754,21
1709520627.670350,22
1709520627.707780,22
1709520627.737170,23
1709520627.790741,19
1709520627.861056,11
1709520627.883758,22
1709520627.916146,24
1709520627.953038,23
1709520628.030923,24
1709520628.059386,24
1709520628.080790,23
1709520628.136933,24
1709520628.168115,24
1709520628.235332,23
1709520628.305079,22
1709520628.326630,23
1709520628.351412,21
1709520628.396987,23
1709520628.417935,14
1709520628.470083,11
1709520628.495206,13
1709520628.521707,13
1709520628.571015,12
1709520628.606806,15
1709520628.666118,10
1709520628.694079,16
1709520628.717439,14
1709520628.759590,15
1709520628.808523,15
1709520628.827258,14
1709520628.848011,14
1709520628.908160,17
1709520628.937496,14
1709520628.987940,15
1709520629.010395,16
1709520629.056524,12
1709520629.077028,17
1709520629.098147,17
1709520629.123984,16
1709520629.143058,16
1709520629.166633,18
1709520629.232297,18
1709520629.255111,19
1709520629.337940,20
1709520629.378649,20
1709520629.405077,18
1709520629.453270,16
1709520629.486193,21
1709520629.521974,19
1709520629.548416,21
1709520629.572339,21
1709520629.620924,17
1709520629.640315,20
1709520629.668207,22
1709520629.736560,23
1709520629.756339,22
1709520629.779926,22
1709520629.804697,23
1709520629.833401,23
1709520629.886911,21
1709520629.927814,22
1709520629.970148,22
1709520629.994157,22
1709520630.022698,23
1709520630.044545,23
1709520630.074038,22
1709520630.142515,19
1709520630.169083,23
1709520630.228586,23
1709520630.252012,25
1709520630.276142,25
1709520630.312239,24
1709520630.357665,23
1709520630.388939,22
1709520630.439244,23
1709520630.472440,23
1709520630.491258,21
1709520630.539687,16
1709520630.571558,13
1709520630.610113,12
1709520630.652237,13
1709520630.675429,14
1709520630.706686,13
1709520630.732869,13
1709520630.778544,10
1709520630.808757,14
1709520630.864576,12
1709520630.908146,15
1709520630.942701,16
1709520630.981366,17
1709520631.043862,12
1709520631.087876,18
1709520631.122793,16
1709520631.154988,16
1709520631.175774,17
1709520631.196354,17
1709520631.259735,10
1709520631.280833,19
1709520631.330224,16
1709520631.371233,17
1709520631.400148,18
1709520631.461756,15
1709520631.485348,20
1709520631.554239,20
1709520631.581735,20
1709520631.615500,20
1709520631.649868,20
1709520631.710958,21
1709520631.754033,22
1709520631.779833,21
1709520631.814445,21
1709520631.858612,21
1709520631.908836,19
1709520631.950147,22
1709520632.000044,21
1709520632.026568,22
1709520632.046415,22
1709520632.067027,23
1709520632.089396,23
1709520632.117471,24
1709520632.198546,24
1709520632.263117,22
1709520632.299355,24
1709520632.324062,23
1709520632.383467,24
1709520632.450434,24
1709520632.473243,23
1709520632.534384,24
1709520632.598471,25
1709520632.625622,24
1709520632.678226,19
1709520632.696151,14
1709520632.746548,9
1709520632.783310,13
1709520632.815748,13
1709520632.868175,13
1709520632.901998,13
1709520632.962408,14
1709520633.006141,15
1709520633.053214,13
1709520633.073897,16
1709520633.103099,14
1709520633.176350,16
1709520633.263072,12
1709520633.304352,18
1709520633.323905,15
1709520633.373258,18
1709520633.394402,17
1709520633.423458,15
1709520633.479641,17
1709520633.531631,17
1709520633.555107,17
1709520633.627648,15
1709520633.655260,15
1709520633.693731,16
1709520633.759503,18
1709520633.785244,20
1709520633.849530,17
1709520633.885202,21
1709520633.907109,22
1709520633.932793,21
1709520633.962190,21
1709520634.017513,13
1709520634.064519,19
1709520634.100884,22
1709520634.119609,22
1709520634.145379,23
1709520634.200159,21
1709520634.228920,23
1709520634.305663,20
1709520634.341478,23
1709520634.390612,23
1709520634.415696,23
1709520634.443232,24
1709520634.465474,22
1709520634.534700,22
1709520634.565745,24
1709520634.596581,24
1709520634.620358,24
1709520634.644663,25
1709520634.673127,23
1709520634.704291,23
1709520634.787523,24
1709520634.847399,24
1709520634.892050,20
1709520634.924008,12
1709520634.950062,15
1709520635.008956,8
1709520635.031958,13
1709520635.093047,12
1709520635.142659,15
1709520635.203802,17
1709520635.253670,13
1709520635.281951,14
1709520635.336933,16
1709520635.375403,15
1709520635.405421,15
1709520635.430986,16
1709520635.496140,13
1709520635.546426,15
1709520635.580489,17
1709520635.609333,17
1709520635.643085,17
1709520635.665306,18
1709520635.730555,15
1709520635.758538,19
1709520635.786981,20
1709520635.859297,19
1709520635.886832,20
1709520635.925240,19
1709520635.946662,19
1709520635.977972,20
1709520636.045560,17
1709520636.076820,22
1709520636.126985,17
1709520636.154968,19
1709520636.185019,22
1709520636.213124,21
1709520636.233759,20
1709520636.305273,18
1709520636.329623,21
1709520636.414453,23
1709520636.448870,24
1709520636.469963,24
1709520636.536434,21
1709520636.560819,22
1709520636.638562,24
1709520636.657830,23
1709520636.679954,25
1709520636.709266,23
1709520636.743158,24
1709520636.765718,23
1709520636.788051,25
1709520636.807926,23
1709520636.831106,25
1709520636.902260,24
1709520636.926878,25
1709520636.947720,24
1709520637.002941,22
1709520637.024856,23
1709520637.078580,19
1709520637.116466,10
1709520637.164094,13
1709520637.189247,15
1709520637.242859,8
1709520637.298179,11
1709520637.323775,15
1709520637.354997,13
1709520637.378234,16
1709520637.410153,14
1709520637.454323,16
1709520637.481005,16
1709520637.530007,14
1709520637.556566,15
1709520637.588307,17
1709520637.647057,15
1709520637.672326,17
1709520637.700049,16
1709520637.719647,15
1709520637.741016,17
1709520637.764895,18
1709520637.798906,18
1709520637.863642,17
1709520637.930771,18
1709520637.956830,18
1709520637.982321,18
1709520638.024531,18
1709520638.090692,20
1709520638.163850,14
1709520638.204655,20
1709520638.228081,22
1709520638.287153,20
1709520638.324985,21
1709520638.354418,20
1709520638.379945,22
1709520638.414194,21
1709520638.453763,22
1709520638.484222,23
1709520638.508123,22
1709520638.537404,23
1709520638.560714,23
1709520638.629691,23
1709520638.650318,23
1709520638.710166,20
1709520638.731905,25
1709520638.758244,25
1709520638.780730,24
1709520638.832316,25
1709520638.885947,24
1709520638.931502,24
1709520638.988689,24
1709520639.025387,23
1709520639.058502,24
1709520639.091826,24
1709520639.111987,23
1709520639.131465,22
1709520639.209712,16
1709520639.273574,8
1709520639.307755,13
1709520639.330122,12
1709520639.348233,12
1709520639.395682,13
1709520639.470208,9
1709520639.512856,15
1709520639.536734,12
1709520639.602959,15
1709520639.627237,14
1709520639.694673,11
1709520639.729719,17
1709520639.787501,11
1709520639.808244,18
1709520639.831365,17
1709520639.878037,15
1709520639.907312,19
1709520639.952985,16
1709520640.013109,14
1709520640.037470,18
1709520640.071033,18
1709520640.168260,19
1709520640.192222,19
1709520640.214288,19
1709520640.271379,16
1709520640.297579,20
1709520640.326946,21
1709520640.348919,22
1709520640.392863,17
1709520640.416083,23
1709520640.469185,19
1709520640.499267,20
1709520640.538242,22
1709520640.558295,23
1709520640.579818,23
1709520640.637522,18
1709520640.673710,21
1709520640.723457,19
1709520640.747699,23
1709520640.774747,23
1709520640.799716,22
1709520640.831048,23
1709520640.858069,25
1709520640.912101,20
1709520640.933687,25
1709520640.964205,25
1709520640.983770,24
1709520641.022195,20
1709520641.041739,25
1709520641.064292,25
1709520641.125791,24
1709520641.149804,25
1709520641.189095,24
1709520641.225629,24
1709520641.244920,24
1709520641.268561,23
1709520641.289967,23
1709520641.322946,22
1709520641.384864,16
1709520641.407566,14
1709520641.428690,16
1709520641.479907,7
1709520641.504078,12
1709520641.554854,14
1709520641.620617,13
1709520641.645528,14
1709520641.687736,13
1709520641.738001,16
1709520641.788030,11
1709520641.811940,16
1709520641.872177,15
1709520641.906827,15
1709520641.955544,15
1709520642.013083,12
1709520642.048381,18
1709520642.067861,18
1709520642.099609,17
1709520642.129154,13
1709520642.191480,18
1709520642.214439,19
1709520642.248501,20
1709520642.311496,17
1709520642.340135,18
1709520642.371455,19
1709520642.417641,20
1709520642.441400,20
1709520642.471269,19
1709520642.523193,21
1709520642.556641,22
1709520642.585320,21
1709520642.611082,21
1709520642.631981,22
1709520642.704374,21
1709520642.745470,23
1709520642.772861,23
1709520642.795463,23
1709520642.845176,22
1709520642.870341,23
1709520642.944556,22
1709520642.969836,24
1709520643.009099,21
1709520643.037520,23
1709520643.080190,23
1709520643.099853,23
1709520643.122620,25
1709520643.184412,22
1709520643.247447,24
1709520643.266717,24
1709520643.293219,25
1709520643.352434,24
1709520643.374423,24
1709520643.401696,23
1709520643.440019,21
1709520643.479208,20
1709520643.515074,20
1709520643.543999,13
1709520643.604138,13
1709520643.629775,14
1709520643.649781,12
1709520643.715178,10
1709520643.744989,13
1709520643.773793,14
1709520643.827959,13
1709520643.850171,14
1709520643.906472,13
1709520643.934568,16
1709520643.972245,15
1709520643.994880,17
1709520644.061741,16
1709520644.113282,17
1709520644.131402,17
1709520644.163639,17
1709520644.214936,18
1709520644.244362,18
1709520644.266788,19
1709520644.297055,17
1709520644.349241,16
1709520644.369209,20
1709520644.392440,19
1709520644.448332,20
1709520644.468226,20
1709520644.513678,19
1709520644.551170,21
1709520644.592536,20
1709520644.617324,20
1709520644.665730,22
1709520644.689457,22
1709520644.712292,22
1709520644.734353,21
1709520644.811477,18
1709520644.844841,22
1709520644.872337,22
1709520644.894116,23
1709520644.922586,22
1709520644.976148,20
1709520645.010741,23
1709520645.061013,20
1709520645.087439,24
1709520645.121770,23
1709520645.182556,22
1709520645.203030,24
1709520645.249829,21
1709520645.276490,24
1709520645.306616,23
1709520645.328463,25
1709520645.389389,24
1709520645.414648,24
1709520645.458250,19
1709520645.486103,20
1709520645.535941,15
1709520645.576713,16
1709520645.635751,13
1709520645.659342,13
1709520645.701725,15
1709520645.728168,10
1709520645.751660,3
1709520645.814544,0
1709520645.867547,0
1709520645.892870,1
1709520645.911627,0
1709520645.932056,0
1709520645.950383,0
1709520646.006261,0
1709520646.032916,0
1709520646.078504,0
1709520646.110635,0
1709520646.131391,0
1709520646.152184,0
1709520646.188187,0
1709520646.207836,0
1709520646.245662,0
1709520646.284090,0
1709520646.343091,1
1709520646.363858,0
1709520646.388028,0
1709520646.428249,0
1709520646.456107,0
1709520646.482398,0
1709520646.529638,0
1709520646.552047,0
1709520646.580877,0
1709520646.600645,0
1709520646.649624,0
1709520646.674572,0
1709520646.710850,0
1709520646.755326,0
1709520646.782257,0
1709520646.846539,0
1709520646.865804,0
1709520646.897643,0
1709520646.938165,0
1709520646.968326,0
1709520647.002217,0
1709520647.033550,0
1709520647.072960,0
1709520647.097693,0
1709520647.147094,0
1709520647.167834,0
1709520647.208518,0
1709520647.243867,0
1709520647.275621,0
1709520647.332642,0
1709520647.395151,0
1709520647.418558,0
1709520647.445370,0
1709520647.473543,0
1709520647.498726,0
1709520647.545624,0
1709520647.569479,0
1709520647.605326,0
1709520647.637144,0
1709520647.660875,0
1709520647.684081,0
1709520647.734739,0
1709520647.759370,0
1709520647.811024,0
1709520647.843503,0
1709520647.865995,0
1709520647.945210,0
1709520647.965233,0
1709520647.986301,0
1709520648.016608,0
1709520648.040971,0
1709520648.063650,0
1709520648.112382,0
1709520648.134422,0
1709520648.165200,0
1709520648.192042,0
1709520648.254137,0
1709520648.312336,0
1709520648.332954,0
1709520648.377032,0
1709520648.409247,0
1709520648.440833,0
1709520648.461429,0
1709520648.482103,0
1709520648.502256,0
1709520648.560949,0
1709520648.593610,1
1709520648.659243,0
1709520648.682757,0
1709520648.721615,0
1709520648.743726,0
1709520648.767822,0
1709520648.791046,0
1709520648.813295,0
1709520648.857284,0
1709520648.899601,0
1709520648.927173,0
1709520648.966715,0
1709520649.032845,0
1709520649.051918,0
1709520649.070881,0
1709520649.108413,0
1709520649.130650,0
1709520649.180442,0
1709520649.198547,0
1709520649.240293,0
1709520649.280312,0
1709520649.370848,0
1709520649.400419,0
1709520649.435064,0
1709520649.471240,0
1709520649.527605,0
1709520649.552446,0
1709520649.584343,0
1709520649.612564,0
1709520649.647461,0
1709520649.684621,0
1709520649.718664,0
1709520649.787724,0
1709520649.815864,0
1709520649.835306,0
1709520649.895195,0
1709520649.917933,0
1709520649.968661,0
1709520650.011891,0
1709520650.031892,0
1709520650.090419,0
1709520650.147581,0
1709520650.171618,0
1709520650.196647,0
1709520650.245899,0
1709520650.285116,0
1709520650.311979,0
1709520650.353053,0
1709520650.389690,0
1709520650.434353,0
1709520650.469082,0
1709520650.495331,0
1709520650.531362,0
1709520650.551095,0
1709520650.571534,0
1709520650.590820,0
1709520650.651562,0
1709520650.670361,0
1709520650.693082,0
1709520650.713047,0
1709520650.732350,0
1709520650.752036,0
1709520650.794374,1
1709520650.838092,0
1709520650.892617,0
