1709519923.320767,0
1709519923.376947,0
1709519923.396682,6
1709519923.444884,15
1709519923.467390,20
1709519923.607569,44
1709519923.633880,49
1709519923.664414,60
1709519923.741229,63
1709519923.855061,83
1709519923.881767,92
1709519923.978480,106
1709519924.012482,115
1709519924.051311,115
1709519924.081660,127
1709519924.108208,131
1709519924.158040,140
1709519924.220602,150
1709519924.250663,155
1709519924.281769,163
1709519924.303791,169
1709519924.342561,174
1709519924.401900,184
1709519924.454602,197
1709519924.480375,211
1709519924.522717,220
1709519924.546650,220
1709519924.604544,230
1709519924.633259,238
1709519924.660640,247
1709519924.709235,258
1709519924.739456,264
1709519924.764533,272
1709519924.806128,273
1709519924.849663,295
1709519924.874944,296
1709519924.946452,299
1709519924.980654,300
1709519925.061662,300
1709519925.089349,300
1709519925.124815,300
1709519925.163054,300
1709519925.192600,299
1709519925.221861,300
1709519925.253295,299
1709519925.276447,298
1709519925.326725,300
1709519925.364298,299
1709519925.393754,299
1709519925.431825,300
1709519925.500059,300
1709519925.525064,300
1709519925.562975,300
1709519925.594613,300
1709519925.639889,299
1709519925.669239,300
1709519925.751480,299
1709519925.779993,300
1709519925.812855,300
1709519925.836963,300
1709519925.921681,296
1709519925.965565,300
1709519926.005708,299
1709519926.041408,300
1709519926.089808,300
1709519926.186261,300
1709519926.239890,299
1709519926.273415,298
1709519926.330615,299
1709519926.357470,299
1709519926.452842,299
1709519926.493734,297
1709519926.585928,294
1709519926.614470,295
1709519926.641556,294
1709519926.667127,295
1709519926.738860,291
1709519926.760057,293
1709519926.804772,293
1709519926.857717,290
1709519926.891210,290
1709519926.915510,292
1709519926.939521,291
1709519926.972464,292
1709519927.000351,291
1709519927.030169,291
1709519927.055235,290
1709519927.096768,291
1709519927.120729,290
1709519927.158799,287
1709519927.185140,290
1709519927.213253,294
1709519927.241069,299
1709519927.292968,299
1709519927.372589,300
1709519927.395777,300
1709519927.475598,300
1709519927.500895,299
1709519927.545012,300
1709519927.570879,299
1709519927.609221,300
1709519927.680763,296
1709519927.715137,296
1709519927.784890,297
1709519927.828612,295
1709519927.865777,294
1709519927.907181,292
1709519927.933859,293
1709519927.964817,288
1709519928.003922,289
1709519928.028282,290
1709519928.058200,285
1709519928.096697,287
1709519928.153835,289
1709519928.178902,287
1709519928.205393,291
1709519928.230520,300
1709519928.256522,299
1709519928.286362,299
1709519928.310643,300
1709519928.345492,296
1709519928.375263,300
1709519928.396375,299
1709519928.447024,299
1709519928.480852,298
1709519928.507651,300
1709519928.533761,299
1709519928.558383,300
1709519928.579149,297
1709519928.631070,300
1709519928.654634,300
1709519928.679074,299
1709519928.701048,299
1709519928.729127,298
1709519928.770234,289
1709519928.790972,299
1709519928.816820,299
1709519928.869772,294
1709519928.929423,298
1709519928.961702,295
1709519928.991338,297
1709519929.011843,298
1709519929.037019,297
1709519929.092121,300
1709519929.114842,298
1709519929.142488,298
1709519929.172173,297
1709519929.237360,299
1709519929.337461,299
1709519929.360780,298
1709519929.382410,297
1709519929.410371,298
1709519929.459833,289
1709519929.478828,297
1709519929.525248,299
1709519929.546914,298
1709519929.574795,298
1709519929.599349,300
1709519929.651374,297
1709519929.673234,299
1709519929.693665,300
1709519929.716469,300
1709519929.736702,298
1709519929.758492,298
1709519929.807281,298
1709519929.845374,299
1709519929.877591,299
1709519929.900835,297
1709519929.962593,281
1709519929.986794,281
1709519930.033137,278
1709519930.062225,274
1709519930.079433,270
1709519930.119148,263
1709519930.142943,254
1709519930.190793,240
1709519930.224347,235
1709519930.265530,236
1709519930.297258,238
1709519930.316554,237
1709519930.337047,236
1709519930.410551,237
1709519930.454447,237
1709519930.484948,240
1709519930.511899,239
1709519930.540870,240
1709519930.564546,241
1709519930.588493,240
1709519930.653402,242
1709519930.692755,240
1709519930.744434,240
1709519930.773622,243
1709519930.799430,240
1709519930.831965,241
1709519930.853603,239
1709519930.888160,243
1709519930.917306,240
1709519930.976669,238
1709519931.002843,241
1709519931.025384,243
1709519931.060654,242
1709519931.104788,242
1709519931.154466,243
1709519931.178822,241
1709519931.203822,240
1709519931.228258,244
1709519931.251540,243
1709519931.284042,238
1709519931.347935,233
1709519931.393006,223
1709519931.420490,223
1709519931.447174,218
1709519931.493287,213
1709519931.514959,212
1709519931.538981,211
1709519931.578809,206
1709519931.607010,204
1709519931.630437,202
1709519931.691078,197
1709519931.713184,198
1709519931.731909,196
1709519931.769013,196
1709519931.792224,189
1709519931.864855,187
1709519931.898544,186
1709519931.921860,186
1709519931.948076,185
1709519932.024398,178
1709519932.061420,172
1709519932.093062,174
1709519932.133741,174
1709519932.174850,173
1709519932.195927,170
1709519932.260786,162
1709519932.282248,169
1709519932.314855,168
1709519932.342921,168
1709519932.411681,166
1709519932.435696,166
1709519932.497243,167
1709519932.516951,167
1709519932.551445,166
1709519932.570496,165
1709519932.601418,164
1709519932.622185,164
1709519932.648350,164
1709519932.678412,162
1709519932.708999,163
1709519932.754357,160
1709519932.792256,162
1709519932.811197,162
1709519932.835561,163
1709519932.859579,161
1709519932.911655,161
1709519932.942415,160
1709519932.990080,156
1709519933.011510,158
1709519933.035389,159
1709519933.076179,159
1709519933.134922,157
1709519933.163765,158
1709519933.218626,158
1709519933.243748,158
1709519933.276192,158
1709519933.311610,158
1709519933.371954,154
1709519933.403865,158
1709519933.426047,159
1709519933.450726,159
1709519933.475114,158
1709519933.498527,158
1709519933.556329,158
1709519933.591119,158
1709519933.613033,160
1709519933.655926,160
1709519933.678995,157
1709519933.701137,161
1709519933.727947,160
1709519933.776405,159
1709519933.800753,160
1709519933.855446,159
1709519933.878719,159
1709519933.904139,158
1709519933.924695,159
1709519933.950406,160
1709519934.029905,158
1709519934.056634,158
1709519934.083078,156
1709519934.112348,157
1709519934.153484,152
1709519934.184022,155
1709519934.209671,155
1709519934.238407,156
1709519934.269728,158
1709519934.300241,157
1709519934.346890,157
1709519934.368903,158
1709519934.408840,157
1709519934.430966,156
1709519934.485432,155
1709519934.526197,153
1709519934.554817,156
1709519934.585639,155
1709519934.621852,155
1709519934.647407,156
1709519934.691079,154
1709519934.714654,155
1709519934.737242,156
1709519934.784987,157
1709519934.805402,154
1709519934.848771,155
1709519934.868515,156
1709519934.899344,157
1709519934.923865,157
1709519934.949285,156
1709519935.015541,157
1709519935.036179,156
1709519935.060238,154
1709519935.090892,159
1709519935.207638,158
1709519935.238274,158
1709519935.256213,158
1709519935.301763,156
1709519935.323325,160
1709519935.344049,158
1709519935.383336,157
1709519935.408771,158
1709519935.487812,157
1709519935.527134,158
1709519935.550805,158
1709519935.574838,157
1709519935.599351,157
1709519935.625584,157
1709519935.650476,157
1709519935.674487,157
1709519935.709551,155
1709519935.753405,154
1709519935.773587,156
1709519935.794485,154
1709519935.851789,157
1709519935.875830,156
1709519935.899405,156
1709519935.940862,156
1709519935.964965,157
1709519936.019270,155
1709519936.047929,155
1709519936.078992,154
1709519936.132973,151
1709519936.156076,156
1709519936.195734,156
1709519936.270642,155
1709519936.302580,157
1709519936.332091,155
1709519936.354477,157
1709519936.383173,155
1709519936.431918,153
1709519936.453699,155
1709519936.488408,154
1709519936.513569,153
1709519936.560480,155
1709519936.588702,155
1709519936.613970,154
1709519936.673196,149
1709519936.699125,155
1709519936.719227,154
1709519936.740868,155
1709519936.770405,153
1709519936.794982,155
1709519936.817208,155
1709519936.846782,155
1709519936.873400,155
1709519936.894558,155
1709519936.934805,154
1709519937.000965,153
1709519937.024538,156
1709519937.083823,153
1709519937.114106,155
1709519937.139030,154
1709519937.162462,155
1709519937.186036,156
1709519937.248030,145
1709519937.275373,157
1709519937.302235,158
1709519937.352467,154
1709519937.388188,157
1709519937.477533,157
1709519937.510961,156
1709519937.536434,156
1709519937.565286,156
1709519937.612974,154
1709519937.638728,157
1709519937.683647,157
1709519937.712295,158
1709519937.731598,158
1709519937.751376,159
1709519937.783524,160
1709519937.802907,159
1709519937.857266,153
1709519937.885288,159
1709519937.904105,159
1709519937.935042,157
1709519937.977880,155
1709519938.025605,159
1709519938.051303,158
1709519938.094174,154
1709519938.136424,159
1709519938.179469,158
1709519938.205893,159
1709519938.234459,160
1709519938.281227,155
1709519938.301285,158
1709519938.330337,158
1709519938.363604,157
1709519938.390413,157
1709519938.454818,151
1709519938.481381,156
1709519938.510814,157
1709519938.551932,156
1709519938.578311,157
1709519938.605316,156
1709519938.634191,157
1709519938.682061,157
1709519938.780838,157
1709519938.803111,157
1709519938.833081,157
1709519938.860034,157
1709519938.912012,153
1709519938.946638,158
1709519938.990335,154
1709519939.026057,157
1709519939.050586,158
1709519939.073807,156
1709519939.108278,154
1709519939.139239,156
1709519939.160608,156
1709519939.210176,153
1709519939.243307,157
1709519939.270929,156
1709519939.297982,156
1709519939.343068,156
1709519939.383785,156
1709519939.421334,158
1709519939.458441,158
1709519939.488117,157
1709519939.516742,158
1709519939.545511,158
1709519939.601895,156
1709519939.629189,157
1709519939.654294,158
1709519939.678157,158
1709519939.739622,150
1709519939.764776,158
1709519939.791179,156
1709519939.814046,157
1709519939.872333,154
1709519939.904431,157
1709519939.956759,158
1709519939.980709,159
1709519940.028964,156
1709519940.057510,157
1709519940.100951,151
1709519940.133875,157
1709519940.161401,158
1709519940.200618,153
1709519940.225063,156
1709519940.250452,158
1709519940.314496,157
1709519940.346737,158
1709519940.372042,157
1709519940.426433,159
1709519940.455949,158
1709519940.476404,159
1709519940.510927,159
1709519940.534652,158
1709519940.559876,159
1709519940.604066,160
1709519940.634416,158
1709519940.679251,156
1709519940.706103,161
1709519940.728397,160
1709519940.793137,157
1709519940.818580,159
1709519940.841017,161
1709519940.864356,160
1709519940.887660,161
1709519940.914939,161
1709519940.964005,157
1709519940.987849,159
1709519941.029800,159
1709519941.073064,159
1709519941.101375,160
1709519941.126648,160
1709519941.171999,158
1709519941.197649,160
1709519941.237070,157
1709519941.271580,161
1709519941.296138,161
1709519941.317296,161
1709519941.340096,161
1709519941.398351,159
1709519941.466232,158
1709519941.495050,159
1709519941.519300,160
1709519941.592404,160
1709519941.616512,161
1709519941.649048,159
1709519941.670789,160
1709519941.700046,162
1709519941.724212,160
1709519941.765637,160
1709519941.824232,159
1709519941.850541,160
1709519941.910269,159
1709519941.931720,160
1709519941.957081,161
1709519941.980917,160
1709519942.003259,160
1709519942.068736,160
1709519942.095360,161
1709519942.169763,160
1709519942.205698,160
1709519942.260192,159
1709519942.285899,159
1709519942.342760,157
1709519942.369372,160
1709519942.393402,161
1709519942.433458,158
1709519942.469355,161
1709519942.514828,158
1709519942.543825,161
1709519942.568688,160
1709519942.620014,159
1709519942.656426,159
1709519942.675957,161
1709519942.702321,159
1709519942.727481,161
1709519942.754740,160
1709519942.817655,155
1709519942.838297,161
1709519942.862137,159
1709519942.922260,156
1709519942.960149,161
1709519942.980694,161
1709519943.056856,158
1709519943.075225,161
1709519943.131658,157
1709519943.170803,161
1709519943.194638,161
1709519943.249110,159
1709519943.270316,161
1709519943.325018,159
1709519943.358586,162
1709519943.439827,159
1709519943.464662,161
1709519943.507976,160
1709519943.537027,160
1709519943.564379,160
1709519943.590361,160
1709519943.634814,161
1709519943.665313,160
1709519943.689038,160
1709519943.712049,160
1709519943.756264,160
1709519943.780283,162
1709519943.807190,160
1709519943.832292,160
1709519943.884117,158
1709519943.907643,162
1709519943.933352,162
1709519943.960964,160
1709519943.998870,160
1709519944.023834,162
1709519944.080842,161
1709519944.122903,162
1709519944.149970,161
1709519944.167836,161
1709519944.188132,162
1709519944.222475,161
1709519944.245856,160
1709519944.305103,159
1709519944.333183,162
1709519944.387626,161
1709519944.409152,161
1709519944.436748,160
1709519944.472150,160
1709519944.515061,160
1709519944.533719,162
1709519944.593491,159
1709519944.619633,160
1709519944.642558,161
1709519944.723524,160
1709519944.744152,161
1709519944.789445,160
1709519944.818349,161
1709519944.849486,161
1709519944.870863,161
1709519944.904543,161
1709519944.955616,157
1709519944.974742,161
1709519945.011346,159
1709519945.053101,159
1709519945.084730,162
1709519945.108626,161
1709519945.148886,163
1709519945.168650,161
1709519945.206451,160
1709519945.228817,162
1709519945.249286,162
1709519945.290848,162
1709519945.329546,158
1709519945.352093,164
1709519945.377199,163
1709519945.399635,161
1709519945.425658,163
1709519945.478163,159
1709519945.505558,163
1709519945.540808,162
1709519945.568861,164
1709519945.587208,162
1709519945.638455,162
1709519945.691797,161
1709519945.721566,159
1709519945.753589,164
1709519945.774302,161
1709519945.805951,162
1709519945.853789,162
1709519945.882953,164
1709519945.904927,163
1709519945.925876,162
1709519945.953153,161
1709519945.982917,162
1709519946.031150,160
1709519946.059431,164
1709519946.108632,162
1709519946.144151,163
1709519946.189581,157
1709519946.218368,163
1709519946.271631,158
1709519946.304906,162
1709519946.322929,162
1709519946.352619,163
1709519946.376121,164
1709519946.400430,162
1709519946.435235,164
1709519946.481569,162
1709519946.509457,164
1709519946.532506,163
1709519946.569119,161
1709519946.597633,162
1709519946.618527,163
1709519946.651340,163
1709519946.751127,161
1709519946.779082,161
1709519946.803908,163
1709519946.860147,162
1709519946.897741,162
1709519946.919608,163
1709519946.963871,162
1709519947.021417,164
1709519947.069103,159
1709519947.090899,163
1709519947.135894,162
1709519947.169575,164
1709519947.191912,163
1709519947.239043,166
1709519947.267973,165
1709519947.294514,165
1709519947.316489,163
1709519947.343375,166
1709519947.417020,164
1709519947.450840,164
1709519947.471876,164
1709519947.493352,165
1709519947.517019,165
1709519947.579252,166
1709519947.647788,167
1709519947.682661,166
1709519947.746537,168
1709519947.774336,169
1709519947.815198,162
1709519947.835962,168
1709519947.856531,169
1709519947.878538,168
1709519947.907306,166
1709519947.929581,166
1709519947.996143,166
1709519948.045251,162
1709519948.104829,156
1709519948.131761,166
1709519948.154684,167
1709519948.187156,167
1709519948.238033,167
1709519948.292212,167
1709519948.314019,164
1709519948.376926,166
1709519948.423443,166
1709519948.444532,165
1709519948.467675,166
1709519948.490679,164
1709519948.518211,166
1709519948.540992,166
1709519948.591900,158
1709519948.610865,166
1709519948.654252,160
1709519948.684225,164
1709519948.707410,166
1709519948.729604,166
1709519948.773400,165
1709519948.849303,159
1709519948.905640,162
1709519948.939807,165
1709519948.965536,165
1709519948.993309,166
1709519949.059711,167
1709519949.084773,166
1709519949.142189,162
1709519949.169622,166
1709519949.192134,167
1709519949.215729,165
1709519949.268979,162
1709519949.291865,167
1709519949.360929,166
1709519949.387222,167
1709519949.422375,167
1709519949.470423,166
1709519949.522794,165
1709519949.566786,165
1709519949.588037,166
1709519949.618036,165
1709519949.645751,165
1709519949.695276,164
1709519949.717683,166
1709519949.744513,166
1709519949.775728,165
1709519949.796072,165
1709519949.818555,166
1709519949.861257,165
1709519949.885786,166
1709519949.915186,165
1709519949.941268,165
1709519949.959543,166
1709519949.988173,165
1709519950.070888,164
1709519950.101696,166
1709519950.125266,165
1709519950.203697,163
1709519950.221290,165
1709519950.274918,162
1709519950.306936,167
1709519950.330079,167
1709519950.356168,166
1709519950.377735,166
1709519950.403621,167
1709519950.436118,166
1709519950.460079,168
1709519950.479686,168
1709519950.499302,166
1709519950.549165,166
1709519950.581486,167
1709519950.648732,161
1709519950.675740,167
1709519950.702149,167
1709519950.721488,167
1709519950.747314,168
1709519950.804099,165
1709519950.837528,167
1709519950.875597,164
1709519950.899640,168
1709519950.924533,168
1709519950.945458,168
1709519951.000161,166
1709519951.057061,165
1709519951.079413,169
1709519951.100558,170
1709519951.122915,167
1709519951.164448,168
1709519951.204017,169
1709519951.244042,169
1709519951.304715,168
1709519951.334998,167
1709519951.431786,170
1709519951.483259,169
1709519951.593315,169
1709519951.667128,168
1709519951.689559,168
1709519951.768412,168
1709519951.817414,166
1709519951.905911,167
1709519951.935871,168
1709519951.978886,161
1709519952.005750,168
1709519952.046070,169
1709519952.070991,168
1709519952.096009,166
1709519952.168304,165
1709519952.224690,167
1709519952.260320,169
1709519952.342001,170
1709519952.362201,169
1709519952.400589,168
1709519952.423842,168
1709519952.451267,170
1709519952.500343,165
1709519952.586983,169
1709519952.613972,168
1709519952.639947,169
1709519952.667696,169
1709519952.692089,169
1709519952.740825,163
1709519952.760685,170
1709519952.780082,171
1709519952.806379,168
1709519952.838494,169
1709519952.879179,167
1709519952.925964,166
1709519952.951607,167
1709519952.973848,167
1709519953.006680,165
1709519953.054492,168
1709519953.075581,168
1709519953.103288,168
1709519953.125468,168
1709519953.156954,167
1709519953.183023,167
1709519953.242883,167
1709519953.270365,168
1709519953.317044,168
1709519953.347607,167
1709519953.371479,168
1709519953.439421,163
1709519953.465159,168
1709519953.512190,168
1709519953.534896,168
1709519953.566519,165
1709519953.594456,167
1709519953.615508,168
1709519953.671637,169
1709519953.735330,168
1709519953.767559,169
1709519953.791171,171
1709519953.848417,163
1709519953.876079,170
1709519953.929051,169
1709519953.960821,169
1709519953.983499,170
1709519954.005143,170
1709519954.026735,170
1709519954.061251,170
1709519954.108633,171
1709519954.129633,170
1709519954.157074,170
1709519954.222077,171
1709519954.243677,170
1709519954.292395,168
1709519954.323763,170
1709519954.344184,169
1709519954.385522,168
1709519954.426664,170
1709519954.452029,170
1709519954.473196,168
1709519954.503823,169
1709519954.575787,165
1709519954.600707,168
1709519954.633005,169
1709519954.669343,167
1709519954.692875,171
1709519954.712762,169
1709519954.738034,170
1709519954.795046,168
1709519954.820036,169
1709519954.867028,170
1709519954.906868,171
1709519954.975253,169
1709519955.047824,166
1709519955.075550,169
1709519955.097752,169
1709519955.155097,172
1709519955.176220,171
1709519955.208258,171
1709519955.231024,170
1709519955.265125,170
1709519955.291335,169
1709519955.310766,170
1709519955.373977,171
1709519955.404779,171
1709519955.431374,170
1709519955.459153,170
1709519955.482024,170
1709519955.516007,170
1709519955.557121,170
1709519955.626286,168
1709519955.703219,167
1709519955.727962,169
1709519955.760871,170
1709519955.790578,171
1709519955.817115,171
1709519955.848888,169
1709519955.881275,169
1709519955.949206,168
1709519955.975271,169
1709519956.003667,170
1709519956.064905,171
1709519956.085595,171
1709519956.127242,171
1709519956.151124,170
1709519956.181351,170
1709519956.205297,172
1709519956.227323,171
1709519956.262742,170
1709519956.283774,171
1709519956.305446,172
1709519956.326923,173
1709519956.370646,169
1709519956.411163,170
1709519956.442991,170
1709519956.465022,170
1709519956.493988,170
1709519956.555079,169
1709519956.579053,171
1709519956.620253,170
1709519956.644733,173
1709519956.667573,172
1709519956.690242,172
1709519956.712205,172
1709519956.800911,168
1709519956.828031,169
1709519956.848046,170
1709519956.867610,171
1709519956.892368,171
1709519956.959754,170
1709519957.030990,168
1709519957.061484,170
1709519957.087954,170
1709519957.131588,170
1709519957.164524,171
1709519957.216316,171
1709519957.238829,170
1709519957.279173,172
1709519957.333579,171
1709519957.356475,170
1709519957.400967,168
1709519957.422557,170
1709519957.461144,172
1709519957.520182,170
1709519957.568649,166
1709519957.595942,170
1709519957.669380,171
1709519957.716140,170
1709519957.763061,171
1709519957.814039,170
1709519957.882423,168
1709519957.908485,170
1709519957.938478,172
1709519957.995616,171
1709519958.020803,171
1709519958.042926,171
1709519958.099864,172
1709519958.129014,170
1709519958.183692,167
1709519958.211154,172
1709519958.236652,171
1709519958.267945,172
1709519958.326248,169
1709519958.349224,171
1709519958.376265,173
1709519958.404373,173
1709519958.461789,173
1709519958.490581,173
1709519958.511842,173
1709519958.587898,172
1709519958.623882,173
1709519958.662947,173
1709519958.735940,173
1709519958.779466,174
1709519958.831111,174
1709519958.853675,173
1709519958.882403,173
1709519958.907947,173
1709519958.941935,174
1709519958.975241,172
1709519959.034139,169
1709519959.064096,173
1709519959.083437,175
1709519959.121838,172
1709519959.141823,174
1709519959.167918,174
1709519959.196956,174
1709519959.229203,169
1709519959.269341,170
1709519959.295892,174
1709519959.327930,172
1709519959.386440,174
1709519959.408027,173
1709519959.431125,174
1709519959.471789,175
1709519959.489143,175
1709519959.507814,176
1709519959.568236,176
1709519959.620904,172
1709519959.646204,175
1709519959.671805,174
1709519959.691518,172
1709519959.715311,174
1709519959.746884,173
1709519959.795464,171
1709519959.814301,173
1709519959.837348,174
1709519959.880003,174
1709519959.936919,171
1709519959.961101,174
1709519959.996757,174
1709519960.050031,174
1709519960.099644,174
1709519960.126536,175
1709519960.188782,170
1709519960.222773,172
1709519960.249689,172
1709519960.269737,172
1709519960.291701,173
1709519960.316370,174
1709519960.338754,173
1709519960.380033,173
1709519960.429026,168
1709519960.449166,173
1709519960.488034,172
1709519960.529688,175
1709519960.551157,172
1709519960.597363,172
1709519960.616694,172
1709519960.647528,172
1709519960.673483,172
1709519960.731504,174
1709519960.780613,173
1709519960.818449,172
1709519960.838849,173
1709519960.887663,173
1709519960.913754,175
1709519960.963021,174
1709519960.996864,173
1709519961.042886,167
1709519961.081126,174
1709519961.145024,172
1709519961.165646,174
1709519961.186028,174
1709519961.209615,175
1709519961.275877,170
1709519961.296541,174
1709519961.335147,174
1709519961.359240,173
1709519961.407496,171
1709519961.445780,175
1709519961.493746,174
1709519961.515856,177
1709519961.540875,176
1709519961.564811,176
1709519961.600577,176
1709519961.623151,175
1709519961.670012,172
1709519961.703312,175
1709519961.732751,174
1709519961.755136,176
1709519961.830338,172
1709519961.895998,174
1709519961.920960,176
1709519961.973873,173
1709519962.031049,174
1709519962.053082,176
1709519962.081667,174
1709519962.113194,176
1709519962.137920,177
1709519962.205516,171
1709519962.236264,176
1709519962.258140,176
1709519962.297395,176
1709519962.316701,176
1709519962.396413,176
1709519962.472885,174
1709519962.497301,173
1709519962.559924,177
1709519962.642023,176
1709519962.668401,178
1709519962.711458,176
1709519962.760818,177
1709519962.784925,177
1709519962.851059,175
1709519962.876336,178
1709519962.904109,176
1709519962.932719,176
1709519962.997788,175
1709519963.017695,177
1709519963.061072,173
1709519963.084068,180
1709519963.119803,176
1709519963.170056,177
1709519963.198996,177
1709519963.223097,177
1709519963.256820,179
1709519963.310739,173
1709519963.337286,176
1709519963.359397,177
1709519963.380644,177
1709519963.429755,177
1709519963.449213,177
1709519963.480300,177
1709519963.523548,178
1709519963.560031,176
1709519963.609715,175
1709519963.636073,179
1709519963.675338,173
1709519963.700510,177
1709519963.729225,177
1709519963.750775,176
1709519963.809698,174
1709519963.840585,178
1709519963.917216,171
1709519963.949819,178
1709519963.990298,175
1709519964.030798,177
1709519964.054734,178
1709519964.107247,176
1709519964.151449,176
1709519964.201451,178
1709519964.223343,177
1709519964.281836,178
1709519964.304237,178
1709519964.324076,176
1709519964.375748,174
1709519964.408439,178
1709519964.437717,177
1709519964.461583,177
1709519964.483597,177
1709519964.545874,174
1709519964.576689,177
1709519964.600848,176
1709519964.673661,176
1709519964.703711,177
1709519964.736108,176
1709519964.782837,171
1709519964.838574,176
1709519964.868775,173
1709519964.900719,177
1709519964.924132,178
1709519964.965986,175
1709519965.017870,175
1709519965.041387,177
1709519965.070514,177
1709519965.096380,176
1709519965.158925,174
1709519965.180418,177
1709519965.210999,176
1709519965.262276,175
1709519965.284697,176
1709519965.308358,176
1709519965.330865,177
1709519965.362404,176
1709519965.386326,177
1709519965.409099,176
1709519965.455380,178
1709519965.522336,175
1709519965.545785,177
1709519965.567321,180
1709519965.586634,178
1709519965.624024,179
1709519965.697678,179
1709519965.753191,173
1709519965.775148,175
1709519965.813295,179
1709519965.840221,179
1709519965.901919,178
1709519965.947693,176
1709519965.976228,179
1709519966.029976,179
1709519966.117938,180
1709519966.143112,180
1709519966.174215,179
1709519966.199980,181
1709519966.234947,179
1709519966.269946,180
1709519966.301117,179
1709519966.347720,178
1709519966.374587,177
1709519966.443212,180
1709519966.471308,178
1709519966.500531,178
1709519966.532232,178
1709519966.609032,179
1709519966.634436,176
1709519966.696771,177
1709519966.719731,178
1709519966.748623,177
1709519966.768548,177
1709519966.834750,176
1709519966.864719,178
1709519966.897142,178
1709519966.962334,179
1709519966.994967,178
1709519967.045919,178
1709519967.075933,181
1709519967.104601,179
1709519967.171100,180
1709519967.206661,178
1709519967.230822,180
1709519967.254773,179
1709519967.313933,175
1709519967.340472,180
1709519967.361858,179
1709519967.387101,179
1709519967.414987,179
1709519967.478251,173
1709519967.501256,178
1709519967.528801,179
1709519967.565568,179
1709519967.618212,179
1709519967.661073,180
1709519967.679920,181
1709519967.719005,180
1709519967.786155,178
1709519967.845610,177
1709519967.872359,179
1709519967.893489,181
1709519967.914209,180
1709519967.938838,177
1709519968.000533,180
1709519968.046208,177
1709519968.073535,181
1709519968.103225,179
1709519968.128820,179
1709519968.189475,179
1709519968.219879,178
1709519968.244213,179
1709519968.280145,179
1709519968.300480,178
1709519968.351614,177
1709519968.384713,179
1709519968.415915,179
1709519968.487617,179
1709519968.508053,178
1709519968.564578,178
1709519968.594263,180
1709519968.625339,179
1709519968.655149,178
1709519968.699316,174
1709519968.720115,179
1709519968.742833,179
1709519968.787322,175
1709519968.816648,179
1709519968.841052,178
1709519968.880801,178
1709519968.930867,174
1709519968.953182,178
1709519968.979391,178
1709519969.020544,179
1709519969.047792,178
1709519969.071841,178
1709519969.097425,179
1709519969.119587,180
1709519969.141546,179
1709519969.181018,178
1709519969.216554,181
1709519969.257807,176
1709519969.286530,181
1709519969.311661,181
1709519969.339683,179
1709519969.361783,181
1709519969.408204,180
1709519969.448312,180
1709519969.485765,181
1709519969.525062,180
1709519969.550247,181
1709519969.585474,178
1709519969.628872,182
1709519969.648800,180
1709519969.699961,176
1709519969.725969,181
1709519969.753250,179
1709519969.781776,180
1709519969.802862,178
1709519969.864973,179
1709519969.920648,177
1709519969.953305,181
1709519969.985309,181
1709519970.027929,178
1709519970.050540,181
1709519970.073591,182
1709519970.112622,180
1709519970.134116,181
1709519970.155044,181
1709519970.180106,182
1709519970.207748,181
1709519970.240665,182
1709519970.295140,178
1709519970.324946,180
1709519970.351078,180
1709519970.396874,179
1709519970.441464,180
1709519970.468989,182
1709519970.533061,180
1709519970.557532,182
1709519970.609393,179
1709519970.634191,181
1709519970.656178,182
1709519970.680805,182
1709519970.736357,175
1709519970.755505,182
1709519970.781181,180
1709519970.804683,182
1709519970.835373,178
1709519970.858930,182
1709519970.907205,178
1709519970.957625,182
1709519970.977343,183
1709519971.007378,180
1709519971.053373,182
1709519971.099798,180
1709519971.123209,180
1709519971.148526,182
1709519971.199597,183
1709519971.218779,181
1709519971.272016,182
1709519971.317847,181
1709519971.359427,181
1709519971.384286,182
1709519971.411751,183
1709519971.432853,182
1709519971.490280,182
1709519971.534453,182
1709519971.555270,183
1709519971.619017,182
1709519971.655874,183
1709519971.700755,183
1709519971.724186,181
1709519971.743718,182
1709519971.801238,182
1709519971.822702,182
1709519971.870628,178
1709519971.891956,181
1709519971.915295,183
1709519971.944044,183
1709519971.982244,181
1709519972.003933,182
1709519972.058572,181
1709519972.080716,182
1709519972.111398,180
1709519972.136262,182
1709519972.176960,181
1709519972.215859,183
1709519972.250136,181
1709519972.271150,180
1709519972.306737,182
1709519972.353532,181
1709519972.378685,180
1709519972.420551,183
1709519972.441976,181
1709519972.469777,180
1709519972.492990,182
1709519972.554434,180
1709519972.576883,183
1709519972.620557,183
1709519972.647331,183
1709519972.671261,182
1709519972.733955,177
1709519972.764161,183
1709519972.823024,177
1709519972.848153,182
1709519972.878708,183
1709519972.903379,181
1709519972.957478,182
1709519972.991825,183
1709519973.054371,179
1709519973.075339,182
1709519973.097254,182
1709519973.121506,182
1709519973.145849,183
1709519973.169028,183
1709519973.190847,181
1709519973.252959,181
1709519973.284717,182
1709519973.314996,181
1709519973.347418,181
1709519973.385564,183
1709519973.441538,182
1709519973.467045,183
1709519973.510317,183
1709519973.547697,180
1709519973.567235,183
1709519973.587919,183
1709519973.622065,184
1709519973.666427,181
1709519973.685985,183
1709519973.743846,181
1709519973.773399,183
1709519973.798578,184
1709519973.836942,184
1709519973.863411,182
1709519973.917839,184
1709519973.956801,183
1709519974.001069,185
1709519974.026721,184
1709519974.054997,183
1709519974.077277,183
1709519974.095464,184
1709519974.141897,182
1709519974.165639,184
1709519974.228640,179
1709519974.259702,183
1709519974.283183,184
1709519974.317930,181
1709519974.340262,184
1709519974.363690,183
1709519974.409741,182
1709519974.433002,184
1709519974.459862,183
1709519974.513559,184
1709519974.544936,182
1709519974.565777,183
1709519974.593423,181
1709519974.662199,181
1709519974.689066,183
1709519974.735869,184
1709519974.761934,184
1709519974.785742,183
1709519974.827987,182
1709519974.873501,185
1709519974.896818,183
1709519974.919288,184
1709519974.941161,184
1709519974.964889,185
1709519974.987488,183
1709519975.007786,183
1709519975.052498,181
1709519975.076778,183
1709519975.096137,184
1709519975.122421,182
1709519975.170122,181
1709519975.211338,183
1709519975.258478,184
1709519975.298661,185
1709519975.326380,182
1709519975.357432,184
1709519975.404038,182
1709519975.455018,185
1709519975.475244,184
1709519975.554921,182
1709519975.580060,184
1709519975.607828,186
1709519975.627625,186
1709519975.675782,182
1709519975.699147,187
1709519975.726470,187
1709519975.770285,184
1709519975.791886,187
1709519975.810656,186
1709519975.848752,186
1709519975.869388,187
1709519975.899724,188
1709519975.956040,181
1709519976.004480,184
1709519976.028705,186
1709519976.056424,186
1709519976.078937,187
1709519976.123599,185
1709519976.151496,185
1709519976.201299,184
1709519976.240076,185
1709519976.264246,185
1709519976.350328,184
1709519976.372663,187
1709519976.399091,186
1709519976.422613,185
1709519976.453187,187
1709519976.481233,187
1709519976.536486,186
1709519976.560590,187
1709519976.587256,185
1709519976.616862,187
1709519976.664950,184
1709519976.686591,184
1709519976.714599,184
1709519976.744977,186
1709519976.772845,185
1709519976.835433,187
1709519976.896977,187
1709519976.922596,186
1709519976.979003,186
1709519977.020962,187
1709519977.043041,188
1709519977.089903,182
1709519977.140685,183
1709519977.175768,186
1709519977.228665,187
1709519977.270624,183
1709519977.293125,187
1709519977.312402,188
1709519977.350141,188
1709519977.386904,187
1709519977.410244,187
1709519977.437508,187
1709519977.463440,186
1709519977.489800,187
1709519977.577239,186
1709519977.637497,186
1709519977.671971,187
1709519977.697478,187
1709519977.722519,186
1709519977.751814,186
1709519977.797081,186
1709519977.835087,186
1709519977.869844,186
1709519977.895368,188
1709519977.946485,187
1709519977.969823,188
1709519978.013419,185
1709519978.032545,189
1709519978.063309,188
1709519978.090368,189
1709519978.138935,188
1709519978.161389,188
1709519978.215090,189
1709519978.243742,186
1709519978.266861,189
1709519978.291174,188
1709519978.315355,187
1709519978.343990,187
1709519978.367920,188
1709519978.395331,188
1709519978.416193,187
1709519978.435817,187
1709519978.489133,185
1709519978.512398,188
1709519978.536532,186
1709519978.589484,186
1709519978.616003,188
1709519978.641930,187
1709519978.705048,187
1709519978.737066,188
1709519978.779493,187
1709519978.802736,187
1709519978.824256,186
1709519978.872030,187
1709519978.918617,184
1709519978.956415,185
1709519978.976819,186
1709519979.041873,186
1709519979.069377,187
1709519979.097992,186
1709519979.120041,188
1709519979.152439,188
1709519979.178977,187
1709519979.203009,186
1709519979.251256,185
1709519979.293630,184
1709519979.323883,188
1709519979.342593,188
1709519979.369821,185
1709519979.391560,187
1709519979.413288,187
1709519979.521100,182
1709519979.540126,187
1709519979.564961,186
1709519979.589310,185
1709519979.652467,187
1709519979.702744,186
1709519979.733310,188
1709519979.785841,185
1709519979.817451,188
1709519979.872001,188
1709519979.893225,188
1709519979.945230,185
1709519979.999863,188
1709519980.027439,187
1709519980.072940,188
1709519980.131027,189
1709519980.151513,188
1709519980.188288,188
1709519980.207464,188
1709519980.250760,188
1709519980.274927,189
1709519980.314252,189
1709519980.362070,189
1709519980.384038,188
1709519980.410375,188
1709519980.455563,187
1709519980.505561,186
1709519980.526721,187
1709519980.546359,188
1709519980.574111,186
1709519980.616513,187
1709519980.659942,184
1709519980.713614,189
1709519980.769679,188
1709519980.792890,190
1709519980.842738,188
1709519980.869423,187
1709519980.894154,187
1709519980.914560,188
1709519980.962261,189
1709519981.013542,186
1709519981.042980,189
1709519981.065348,189
1709519981.086396,186
1709519981.116895,188
1709519981.142268,188
1709519981.171324,186
1709519981.213456,186
1709519981.246552,187
1709519981.270931,189
1709519981.294154,188
1709519981.346182,188
1709519981.379334,188
1709519981.399972,189
1709519981.424920,189
1709519981.453150,185
1709519981.480332,189
1709519981.503160,187
1709519981.548696,188
1709519981.573810,188
1709519981.615622,188
1709519981.660419,188
1709519981.699887,186
1709519981.720163,188
1709519981.754182,187
1709519981.789355,188
1709519981.815539,188
1709519981.876002,189
1709519981.901123,190
1709519981.920687,189
1709519981.957442,188
1709519982.007038,186
1709519982.031593,188
1709519982.062186,189
1709519982.089108,188
1709519982.136575,185
1709519982.163366,188
1709519982.225147,188
1709519982.251983,188
1709519982.277345,188
1709519982.306157,189
1709519982.329757,190
1709519982.355067,186
1709519982.395316,190
1709519982.416975,189
1709519982.436244,190
1709519982.469103,188
1709519982.490535,189
1709519982.518688,189
1709519982.547140,188
1709519982.599003,184
1709519982.646191,185
1709519982.675850,189
1709519982.695672,189
1709519982.733217,187
1709519982.772561,185
1709519982.792792,188
1709519982.822330,189
1709519982.875125,184
1709519982.910132,190
1709519982.948551,189
1709519983.025581,189
1709519983.056071,189
1709519983.082178,190
1709519983.103757,188
1709519983.158180,188
1709519983.191941,188
1709519983.215777,191
1709519983.249599,189
1709519983.274863,190
1709519983.306291,187
1709519983.344373,191
1709519983.364631,191
1709519983.402231,187
1709519983.423312,190
1709519983.444638,191
1709519983.473365,191
1709519983.497402,190
1709519983.533809,182
1709519983.557290,189
1709519983.598220,190
1709519983.619633,190
1709519983.647373,192
1709519983.697890,188
1709519983.719196,190
1709519983.758211,188
1709519983.784627,190
1709519983.810811,190
1709519983.839316,192
1709519983.859241,192
1709519983.882501,190
1709519983.915708,190
1709519983.939837,191
1709519983.964276,191
1709519984.006185,192
1709519984.036764,190
1709519984.086840,191
1709519984.116894,192
1709519984.158117,189
1709519984.182368,191
1709519984.251008,190
1709519984.300937,192
1709519984.328468,191
1709519984.355740,190
1709519984.401693,188
1709519984.428271,191
1709519984.474361,189
1709519984.493923,191
1709519984.524163,191
1709519984.556515,191
1709519984.576164,192
1709519984.607262,193
1709519984.664812,189
1709519984.683187,192
1709519984.732873,191
1709519984.754027,192
1709519984.803761,191
1709519984.830789,192
1709519984.853219,191
1709519984.878076,191
1709519984.917602,192
1709519984.957086,191
1709519984.995960,189
1709519985.016441,193
1709519985.048989,193
1709519985.094242,190
1709519985.124611,193
1709519985.170075,191
1709519985.194239,192
1709519985.229257,192
1709519985.259053,192
1709519985.312667,191
1709519985.333105,194
1709519985.355634,194
1709519985.388392,195
1709519985.412935,193
1709519985.441907,194
1709519985.496111,196
1709519985.518616,195
1709519985.555441,194
1709519985.590778,196
1709519985.620578,194
1709519985.662393,194
1709519985.703188,191
1709519985.732754,196
1709519985.763040,196
1709519985.829022,196
1709519985.862839,196
1709519985.916317,195
1709519985.938459,195
1709519985.964372,195
1709519986.012812,196
1709519986.035159,193
1709519986.061035,194
1709519986.103909,192
1709519986.140423,194
1709519986.161536,195
1709519986.215496,190
1709519986.250627,195
1709519986.275731,194
1709519986.341687,195
1709519986.361322,194
1709519986.387395,195
1709519986.407524,193
1709519986.426390,193
1709519986.476924,192
1709519986.497348,193
1709519986.517423,193
1709519986.542091,193
1709519986.573488,192
1709519986.625672,192
1709519986.694999,193
1709519986.720214,192
1709519986.754215,192
1709519986.784679,192
1709519986.810574,191
1709519986.859838,191
1709519986.898942,192
1709519986.935951,191
1709519986.967512,192
1709519986.991543,192
1709519987.011398,193
1709519987.033623,193
1709519987.093928,191
1709519987.120095,194
1709519987.161911,189
1709519987.205106,193
1709519987.238966,193
1709519987.262871,195
1709519987.306076,191
1709519987.340541,193
1709519987.405214,193
1709519987.447461,193
1709519987.478312,193
1709519987.511882,193
1709519987.580923,192
1709519987.622526,194
1709519987.654127,193
1709519987.737354,194
1709519987.759944,192
1709519987.814215,191
1709519987.840758,194
1709519987.889002,193
1709519987.930029,193
1709519987.963939,193
1709519988.015302,194
1709519988.037243,193
1709519988.065369,190
1709519988.100586,194
1709519988.123906,194
1709519988.185530,194
1709519988.215368,194
1709519988.238295,194
1709519988.267655,196
1709519988.304352,193
1709519988.357743,195
1709519988.391769,193
1709519988.430524,194
1709519988.460457,196
1709519988.489013,194
1709519988.566234,192
1709519988.600195,196
1709519988.621988,195
1709519988.666016,195
1709519988.710755,194
1709519988.753555,195
1709519988.781552,195
1709519988.840335,195
1709519988.860943,194
1709519988.886374,195
1709519988.928859,195
1709519988.963956,192
1709519988.989826,193
1709519989.031811,195
1709519989.052115,193
1709519989.082812,194
1709519989.131513,193
1709519989.151453,193
1709519989.172934,193
1709519989.203278,193
1709519989.253838,193
1709519989.273553,193
1709519989.312962,193
1709519989.362472,193
1709519989.384878,193
1709519989.434933,189
1709519989.463088,194
1709519989.491499,193
1709519989.555084,193
1709519989.577580,194
1709519989.633380,193
1709519989.663778,194
1709519989.689110,194
1709519989.709970,194
1709519989.771544,191
1709519989.805603,189
1709519989.834015,192
1709519989.860916,195
1709519989.894753,194
1709519989.933559,194
1709519989.969928,195
1709519990.001217,195
1709519990.070312,191
1709519990.103433,194
1709519990.134474,195
1709519990.155444,196
1709519990.180593,196
1709519990.209067,195
1709519990.229206,195
1709519990.256413,194
1709519990.287410,193
1709519990.309081,195
1709519990.327147,194
1709519990.392445,192
1709519990.413397,194
1709519990.457005,194
1709519990.482728,196
1709519990.501291,195
1709519990.520627,193
1709519990.551062,195
1709519990.572739,195
1709519990.630407,190
1709519990.694558,193
1709519990.732661,193
1709519990.770893,193
1709519990.836577,191
1709519990.856645,194
1709519990.877105,193
1709519990.900207,195
1709519990.959157,190
1709519990.981350,193
1709519991.007304,194
1709519991.033175,195
1709519991.053627,195
1709519991.086524,196
1709519991.112262,195
1709519991.173878,194
1709519991.201802,194
1709519991.222713,195
1709519991.304096,190
1709519991.356905,195
1709519991.380003,195
1709519991.454111,196
1709519991.479961,196
1709519991.520643,195
1709519991.547304,196
1709519991.592445,195
1709519991.641405,196
1709519991.665555,195
1709519991.689830,197
1709519991.735490,195
1709519991.759197,195
1709519991.780477,196
1709519991.798754,198
1709519991.819681,195
1709519991.889130,196
1709519991.920060,194
1709519991.953109,196
1709519991.974607,198
1709519992.034507,193
1709519992.074413,193
1709519992.098881,196
1709519992.142398,197
1709519992.166054,195
1709519992.185330,196
1709519992.205202,196
1709519992.226111,195
1709519992.267905,194
1709519992.321214,196
1709519992.348057,195
1709519992.392696,192
1709519992.415210,196
1709519992.445126,195
1709519992.470211,197
1709519992.534550,194
1709519992.555721,196
1709519992.613499,197
1709519992.634145,196
1709519992.661548,196
1709519992.687519,197
1709519992.750757,197
1709519992.774562,195
1709519992.796210,197
1709519992.815617,198
1709519992.840406,197
1709519992.885401,196
1709519992.914236,196
1709519992.963962,197
1709519992.993678,197
1709519993.015211,197
1709519993.046888,198
1709519993.078821,198
1709519993.125059,192
1709519993.148884,197
1709519993.172548,198
1709519993.235381,198
1709519993.268854,199
1709519993.289714,199
1709519993.346889,196
1709519993.371660,200
1709519993.427639,194
1709519993.448688,198
1709519993.506809,199
1709519993.568423,198
1709519993.609593,198
1709519993.632251,197
1709519993.694223,196
1709519993.759581,199
1709519993.790641,197
1709519993.873377,194
1709519993.899648,193
1709519993.919397,198
1709519993.944871,197
1709519993.976524,196
1709519994.003240,196
1709519994.033884,198
1709519994.065545,198
1709519994.091891,197
1709519994.113544,197
1709519994.144328,198
1709519994.164737,199
1709519994.220517,192
1709519994.256378,197
1709519994.306942,192
1709519994.351711,194
1709519994.374564,196
1709519994.437750,193
1709519994.462751,195
1709519994.518222,196
1709519994.542505,198
1709519994.566278,197
1709519994.620906,192
1709519994.642593,196
1709519994.711536,198
1709519994.755997,197
1709519994.792059,195
1709519994.820169,197
1709519994.844822,197
1709519994.923362,198
1709519994.963308,197
1709519995.012846,196
1709519995.045087,196
1709519995.072957,197
1709519995.111920,198
1709519995.132165,198
1709519995.156085,197
1709519995.185972,197
1709519995.243900,195
1709519995.263883,197
1709519995.329654,192
1709519995.355047,197
1709519995.381154,197
1709519995.439988,195
1709519995.473293,198
1709519995.494060,197
1709519995.512275,198
1709519995.542872,199
1709519995.623585,194
1709519995.648774,198
1709519995.674338,199
1709519995.718200,198
1709519995.792134,198
1709519995.818547,200
1709519995.849643,198
1709519995.877294,200
1709519995.905189,200
1709519995.959850,194
1709519995.987692,199
1709519996.032791,197
1709519996.068859,199
1709519996.096799,198
1709519996.118003,200
1709519996.155661,199
1709519996.200588,196
1709519996.222619,198
1709519996.266587,197
1709519996.289224,198
1709519996.317373,198
1709519996.337875,199
1709519996.387116,195
1709519996.420185,198
1709519996.471367,199
1709519996.498792,198
1709519996.521300,197
1709519996.561072,198
1709519996.590840,197
1709519996.612637,198
1709519996.648129,198
1709519996.670526,198
1709519996.712898,198
1709519996.731369,198
1709519996.775370,198
1709519996.839476,195
1709519996.865704,200
1709519996.887550,199
1709519996.916984,198
1709519996.976832,198
1709519996.995286,199
1709519997.019698,198
1709519997.048425,198
1709519997.091380,195
1709519997.119421,198
1709519997.142904,199
1709519997.196195,198
1709519997.224742,198
1709519997.253519,197
1709519997.275510,199
1709519997.302878,193
1709519997.331680,198
1709519997.407445,195
1709519997.429069,199
1709519997.461026,198
1709519997.514859,197
1709519997.546416,199
1709519997.571893,198
1709519997.610554,201
1709519997.642686,200
1709519997.725127,199
1709519997.757904,199
1709519997.778860,199
1709519997.801737,199
1709519997.866726,198
1709519997.886509,200
1709519997.912282,199
1709519997.949728,200
1709519997.973243,201
1709519997.998841,200
1709519998.023898,201
1709519998.051298,199
1709519998.078168,201
1709519998.126969,199
1709519998.151989,200
1709519998.170330,201
1709519998.218079,199
1709519998.242372,199
1709519998.265143,201
1709519998.285866,200
1709519998.339521,201
1709519998.375281,202
1709519998.398318,201
1709519998.425597,202
1709519998.481969,200
1709519998.503690,200
1709519998.532647,201
1709519998.576824,202
1709519998.627332,199
1709519998.668926,201
1709519998.709171,200
1709519998.748568,201
1709519998.773829,203
1709519998.805414,201
1709519998.835907,201
1709519998.899208,199
1709519998.924932,201
1709519998.950970,202
1709519998.982838,203
1709519999.007335,202
1709519999.066583,204
1709519999.091298,203
1709519999.116500,202
1709519999.141150,200
1709519999.171633,201
1709519999.191945,202
1709519999.212940,201
1709519999.237251,200
1709519999.283326,202
1709519999.308936,201
1709519999.337035,201
1709519999.385529,199
1709519999.405005,200
1709519999.460890,197
1709519999.495844,199
1709519999.538742,200
1709519999.559198,200
1709519999.583614,200
1709519999.636070,198
1709519999.660375,201
1709519999.716647,201
1709519999.758813,201
1709519999.793734,200
1709519999.814543,201
1709519999.845587,200
1709519999.913331,199
1709519999.960577,202
1709519999.988195,202
1709520000.011574,203
1709520000.056416,197
1709520000.108260,202
1709520000.132441,202
1709520000.159483,202
1709520000.209940,199
1709520000.243922,204
1709520000.264775,203
1709520000.286963,203
1709520000.344115,199
1709520000.408811,200
1709520000.436935,201
1709520000.460713,204
1709520000.492865,203
1709520000.518003,203
1709520000.538063,202
1709520000.564508,203
1709520000.608377,201
1709520000.633910,204
1709520000.654452,204
1709520000.676740,203
1709520000.697289,203
1709520000.720351,203
1709520000.751438,203
1709520000.817120,198
1709520000.886324,201
1709520000.906591,202
1709520000.934765,202
1709520000.960911,204
1709520000.984830,203
1709520001.036112,198
1709520001.057725,201
1709520001.108591,202
1709520001.129982,202
1709520001.162253,202
1709520001.226191,201
1709520001.282918,201
1709520001.305582,202
1709520001.353086,201
1709520001.376952,201
1709520001.422045,201
1709520001.446244,202
1709520001.467686,202
1709520001.496583,203
1709520001.542316,197
1709520001.575155,201
1709520001.596986,203
1709520001.621748,202
1709520001.644251,201
1709520001.695672,201
1709520001.717415,202
1709520001.747490,202
1709520001.791355,198
1709520001.829707,200
1709520001.908322,202
1709520001.964257,197
1709520001.984968,202
1709520002.006468,203
1709520002.029315,201
1709520002.063054,201
1709520002.107594,202
1709520002.134012,202
1709520002.187431,199
1709520002.226002,202
1709520002.251332,202
1709520002.285312,202
1709520002.312879,201
1709520002.346510,203
1709520002.372588,202
1709520002.392900,203
1709520002.434538,203
1709520002.471238,199
1709520002.534448,203
1709520002.559479,204
1709520002.579407,204
1709520002.599497,204
1709520002.639008,202
1709520002.674474,204
1709520002.706978,202
1709520002.751696,199
1709520002.775191,203
1709520002.810317,202
1709520002.854038,200
1709520002.876010,202
1709520002.934269,202
1709520002.955369,201
1709520002.976449,202
1709520002.999923,203
1709520003.024276,201
1709520003.085546,200
1709520003.105211,200
1709520003.146645,201
1709520003.184850,202
1709520003.250418,198
1709520003.276382,201
1709520003.316005,202
1709520003.346270,201
1709520003.386337,200
1709520003.415889,203
1709520003.437521,203
1709520003.457167,202
1709520003.480047,202
1709520003.505361,203
1709520003.545864,200
1709520003.577491,204
1709520003.635048,199
1709520003.656421,202
1709520003.679599,202
1709520003.707407,202
1709520003.737306,202
1709520003.776845,203
1709520003.813191,201
1709520003.851225,203
1709520003.876878,201
1709520003.897988,203
1709520003.921505,202
1709520003.945463,202
1709520003.981814,200
1709520004.003025,203
1709520004.024666,203
1709520004.051567,203
1709520004.071433,202
1709520004.117416,200
1709520004.145612,202
1709520004.195168,202
1709520004.222042,204
1709520004.247284,201
1709520004.273251,203
1709520004.347158,200
1709520004.373747,202
1709520004.404820,202
1709520004.426647,203
1709520004.451578,202
1709520004.472822,203
1709520004.493020,202
1709520004.513059,203
1709520004.584944,200
1709520004.608854,204
1709520004.634883,203
1709520004.675376,203
1709520004.719824,203
1709520004.742754,203
1709520004.811142,204
1709520004.879538,203
1709520004.900095,204
1709520004.921489,204
1709520004.950609,202
1709520004.986553,199
1709520005.011063,206
1709520005.033727,205
1709520005.061199,204
1709520005.089752,202
1709520005.131165,206
1709520005.157601,205
1709520005.179371,204
1709520005.211312,204
1709520005.255214,205
1709520005.278555,203
1709520005.312453,204
1709520005.336024,206
1709520005.362855,205
1709520005.394572,204
1709520005.437005,203
1709520005.458760,204
1709520005.497428,205
1709520005.526796,205
1709520005.550256,204
1709520005.582889,204
1709520005.614908,203
1709520005.686802,204
1709520005.713328,205
1709520005.790435,203
1709520005.813872,202
1709520005.848737,203
1709520005.869794,203
1709520005.919397,196
1709520005.950150,203
1709520005.983120,204
1709520006.018566,202
1709520006.051379,204
1709520006.075253,204
1709520006.107691,203
1709520006.160215,204
1709520006.186352,204
1709520006.245288,203
1709520006.274765,204
1709520006.307839,204
1709520006.370805,203
1709520006.390209,205
1709520006.414311,205
1709520006.435300,203
1709520006.461295,204
1709520006.490340,206
1709520006.516186,207
1709520006.580910,201
1709520006.611347,206
1709520006.685312,204
1709520006.725642,206
1709520006.787289,206
1709520006.845197,204
1709520006.866677,204
1709520006.908433,207
1709520006.947302,204
1709520006.994698,205
1709520007.018712,206
1709520007.051723,206
1709520007.112335,204
1709520007.141723,206
1709520007.167948,205
1709520007.225654,206
1709520007.245969,207
1709520007.268772,207
1709520007.287833,206
1709520007.318137,205
1709520007.360286,204
1709520007.396096,206
1709520007.425733,205
1709520007.494799,203
1709520007.541658,205
1709520007.565183,207
1709520007.591411,205
1709520007.642821,205
1709520007.700042,205
1709520007.743656,202
1709520007.767193,206
1709520007.786366,205
1709520007.818024,205
1709520007.873124,204
1709520007.931644,201
1709520007.969033,206
1709520007.993464,206
1709520008.031179,205
1709520008.086852,205
1709520008.122530,207
1709520008.174639,207
1709520008.210592,207
1709520008.243789,206
1709520008.283566,207
1709520008.303971,207
1709520008.361885,204
1709520008.421889,201
1709520008.469352,207
1709520008.494004,208
1709520008.535380,207
1709520008.558570,207
1709520008.634664,206
1709520008.657196,207
1709520008.709873,206
1709520008.739968,206
1709520008.768342,207
1709520008.810930,208
1709520008.869767,206
1709520008.912791,207
1709520008.944138,206
1709520008.968262,207
1709520009.004361,205
1709520009.065080,201
1709520009.100507,205
1709520009.142735,207
1709520009.168648,207
1709520009.189349,206
1709520009.240980,207
1709520009.264033,209
1709520009.318373,205
1709520009.367447,205
1709520009.389308,209
1709520009.412090,209
1709520009.453754,208
1709520009.484563,207
1709520009.548249,207
1709520009.597747,207
1709520009.620478,209
1709520009.648290,209
1709520009.717989,209
1709520009.741048,209
1709520009.776441,209
1709520009.799422,208
1709520009.857237,206
1709520009.920157,208
1709520009.939926,208
1709520009.962414,209
1709520009.985100,209
1709520010.007807,208
1709520010.028295,209
1709520010.081000,210
1709520010.112086,209
1709520010.132961,208
1709520010.160490,209
1709520010.184105,209
1709520010.257698,209
1709520010.283318,209
1709520010.317344,207
1709520010.383286,205
1709520010.409256,208
1709520010.428391,207
1709520010.467153,202
1709520010.503252,208
1709520010.527196,208
1709520010.569461,206
1709520010.627830,203
1709520010.675325,207
1709520010.722954,209
1709520010.755300,206
1709520010.785124,208
1709520010.850947,204
1709520010.895020,207
1709520010.936706,207
1709520010.958385,208
1709520010.990999,207
1709520011.022047,206
1709520011.071008,207
1709520011.100570,204
1709520011.172664,207
1709520011.195884,207
1709520011.264960,202
1709520011.288552,208
1709520011.311072,207
1709520011.338776,206
1709520011.391270,203
1709520011.412131,208
1709520011.496216,203
1709520011.527203,207
1709520011.587188,207
1709520011.612952,207
1709520011.678282,206
1709520011.707983,206
1709520011.758015,207
1709520011.801846,207
1709520011.832129,208
1709520011.863557,208
1709520011.898762,207
1709520011.957420,209
1709520011.990161,203
1709520012.025815,206
1709520012.049030,208
1709520012.083303,207
1709520012.141102,204
1709520012.199557,209
1709520012.225033,207
1709520012.247813,208
1709520012.295604,207
1709520012.347507,202
1709520012.380670,208
1709520012.400753,208
1709520012.444016,206
1709520012.473141,207
1709520012.500826,208
1709520012.533638,208
1709520012.573071,207
1709520012.606788,207
1709520012.672260,208
1709520012.732719,203
1709520012.755607,209
1709520012.778838,209
1709520012.806421,208
1709520012.883115,208
1709520012.928569,207
1709520012.951848,207
1709520012.978387,208
1709520013.011598,207
1709520013.081532,202
1709520013.108535,208
1709520013.152879,207
1709520013.216083,208
1709520013.248766,207
1709520013.307882,205
1709520013.351049,209
1709520013.391011,208
1709520013.426736,208
1709520013.474492,208
1709520013.496459,209
1709520013.522301,209
1709520013.546508,209
1709520013.572663,209
1709520013.596687,209
1709520013.650873,209
1709520013.699494,207
1709520013.728184,209
1709520013.752310,208
1709520013.783728,208
1709520013.851843,208
1709520013.881320,209
1709520013.900520,209
1709520013.923498,209
1709520013.972075,207
1709520014.000079,210
1709520014.058728,210
1709520014.089661,208
1709520014.110990,208
1709520014.149883,205
1709520014.172208,209
1709520014.227195,209
1709520014.255511,210
1709520014.314598,208
1709520014.380195,211
1709520014.411719,210
1709520014.485564,209
1709520014.522851,210
1709520014.542407,210
1709520014.605048,211
1709520014.632522,209
1709520014.677648,206
1709520014.697962,210
1709520014.720121,210
1709520014.749796,210
1709520014.771797,205
1709520014.829952,209
1709520014.854548,210
1709520014.919419,211
1709520014.939657,211
1709520014.975390,210
1709520015.066844,209
1709520015.128973,208
1709520015.168443,211
1709520015.190370,211
1709520015.252021,209
1709520015.270007,212
1709520015.317788,211
1709520015.354768,211
1709520015.375383,212
1709520015.397366,211
1709520015.436655,208
1709520015.462892,210
1709520015.509862,210
1709520015.550498,211
1709520015.588078,211
1709520015.610349,212
1709520015.661885,211
1709520015.702375,206
1709520015.725523,211
1709520015.773406,209
1709520015.791978,212
1709520015.810130,210
1709520015.829059,211
1709520015.854751,209
1709520015.897159,210
1709520015.920016,212
1709520015.944253,211
1709520015.996435,212
1709520016.055346,207
1709520016.080971,211
1709520016.139301,210
1709520016.188941,208
1709520016.224072,214
1709520016.248112,212
1709520016.291519,209
1709520016.319724,214
1709520016.337998,212
1709520016.365288,212
1709520016.415022,214
1709520016.466455,210
1709520016.494573,213
1709520016.515271,213
1709520016.534599,213
1709520016.566156,213
1709520016.626816,211
1709520016.660231,211
1709520016.685808,212
1709520016.710885,211
1709520016.768021,209
1709520016.793525,211
1709520016.817230,212
1709520016.866878,212
1709520016.890003,211
1709520016.910084,211
1709520016.940311,210
1709520016.995487,211
1709520017.029969,212
1709520017.083112,207
1709520017.109192,210
1709520017.130900,211
1709520017.153425,210
1709520017.220243,211
1709520017.242465,212
1709520017.287184,207
1709520017.309251,210
1709520017.333860,212
1709520017.360626,212
1709520017.393942,212
1709520017.425444,210
1709520017.458533,211
1709520017.504592,212
1709520017.545095,212
1709520017.567356,211
1709520017.588221,211
1709520017.621692,211
1709520017.676936,207
1709520017.727899,205
1709520017.752554,211
1709520017.774855,211
1709520017.795972,211
1709520017.851669,206
1709520017.897118,213
1709520017.942611,212
1709520017.977235,213
1709520018.001398,213
1709520018.059144,210
1709520018.091829,212
1709520018.137520,212
1709520018.160059,212
1709520018.197288,212
1709520018.253369,213
1709520018.283368,211
1709520018.319082,211
1709520018.353708,213
1709520018.384949,213
1709520018.407018,210
1709520018.448667,209
1709520018.503797,212
1709520018.533356,214
1709520018.568134,213
1709520018.593191,212
1709520018.640643,211
1709520018.666055,214
1709520018.730390,212
1709520018.755131,213
1709520018.775743,210
1709520018.848572,207
1709520018.869114,211
1709520018.934777,209
1709520018.965837,213
1709520018.993386,211
1709520019.046063,213
1709520019.077680,212
1709520019.113943,212
1709520019.142655,211
1709520019.192538,209
1709520019.228300,211
1709520019.251070,211
1709520019.272189,211
1709520019.302655,211
1709520019.322856,212
1709520019.348300,212
1709520019.400348,210
1709520019.418596,211
1709520019.474877,207
1709520019.495822,212
1709520019.520238,212
1709520019.549226,213
1709520019.595568,210
1709520019.624190,211
1709520019.647335,213
1709520019.671638,212
1709520019.720633,211
1709520019.750393,213
1709520019.772290,212
1709520019.808853,213
1709520019.852377,212
1709520019.872698,213
1709520019.894698,212
1709520019.932027,211
1709520019.972098,213
1709520020.015494,213
1709520020.034315,212
1709520020.052639,213
1709520020.093969,214
1709520020.126908,215
1709520020.147731,213
1709520020.192791,215
1709520020.212575,214
1709520020.238002,213
1709520020.263511,214
1709520020.324213,207
1709520020.347836,215
1709520020.367751,215
1709520020.424607,211
1709520020.447091,214
1709520020.476691,215
1709520020.503655,214
1709520020.548962,214
1709520020.604612,211
1709520020.625207,213
1709520020.652480,213
1709520020.683997,215
1709520020.718314,214
1709520020.761189,213
1709520020.824413,214
1709520020.860454,213
1709520020.883646,213
1709520020.904660,213
1709520020.971680,207
1709520020.993034,213
1709520021.038246,213
1709520021.064455,214
1709520021.105509,213
1709520021.138270,213
1709520021.175433,209
1709520021.201020,213
1709520021.263855,213
1709520021.296512,212
1709520021.347875,210
1709520021.369364,213
1709520021.435117,211
1709520021.489557,212
1709520021.529324,214
1709520021.581003,213
1709520021.600421,214
1709520021.623996,216
1709520021.665154,211
1709520021.706826,211
1709520021.749036,216
1709520021.770098,215
1709520021.807769,213
1709520021.832563,211
1709520021.879690,215
1709520021.899287,216
1709520021.945567,215
1709520021.973388,217
1709520022.002792,216
1709520022.030050,217
1709520022.074448,215
1709520022.095423,217
1709520022.121961,217
1709520022.153813,215
1709520022.187197,216
1709520022.210844,215
1709520022.239460,214
1709520022.289627,215
1709520022.329064,215
1709520022.350209,216
1709520022.375014,217
1709520022.396862,216
1709520022.442177,215
1709520022.497378,211
1709520022.525307,214
1709520022.564827,214
1709520022.588264,217
1709520022.654437,210
1709520022.681053,215
1709520022.735158,212
1709520022.768709,215
1709520022.802381,215
1709520022.824679,215
1709520022.854657,216
1709520022.907548,215
1709520022.930473,215
1709520022.984565,211
1709520023.007644,215
1709520023.041172,216
1709520023.104515,216
1709520023.142280,212
1709520023.188868,212
1709520023.236997,214
1709520023.269150,215
1709520023.334494,215
1709520023.384992,211
1709520023.412057,213
1709520023.443511,214
1709520023.492739,215
1709520023.517133,216
1709520023.536833,218
1709520023.562981,215
1709520023.607226,214
1709520023.626456,217
1709520023.673217,216
1709520023.721861,217
1709520023.748479,217
1709520023.780802,217
1709520023.848391,212
1709520023.893932,217
1709520023.916057,218
1709520023.939643,217
1709520023.964385,217
1709520024.000698,213
1709520024.041908,215
1709520024.074241,217
1709520024.127247,217
1709520024.197855,213
1709520024.252779,219
1709520024.354766,216
1709520024.382137,219
1709520024.407781,217
1709520024.459610,218
1709520024.486647,217
1709520024.539159,217
1709520024.561146,217
1709520024.602685,215
1709520024.670731,216
1709520024.729872,217
1709520024.757832,216
1709520024.781833,216
1709520024.824374,217
1709520024.895913,217
1709520024.924351,218
1709520024.951202,217
1709520024.980419,217
1709520025.068766,216
1709520025.101857,218
1709520025.126157,218
1709520025.143738,217
1709520025.205466,216
1709520025.230279,216
1709520025.258060,214
1709520025.307594,212
1709520025.335361,216
1709520025.400382,212
1709520025.428045,215
1709520025.458017,216
1709520025.490848,217
1709520025.529335,218
1709520025.553812,217
1709520025.610540,216
1709520025.629250,216
1709520025.668979,216
1709520025.723516,217
1709520025.743998,216
1709520025.790429,216
1709520025.847649,217
1709520025.872082,216
1709520025.913580,218
1709520025.946416,218
1709520025.990191,213
1709520026.013595,218
1709520026.049540,215
1709520026.073202,217
1709520026.129767,215
1709520026.155183,216
1709520026.176426,216
1709520026.225492,217
1709520026.246144,217
1709520026.281978,217
1709520026.325184,217
1709520026.357885,216
1709520026.378918,214
1709520026.408191,215
1709520026.477864,216
1709520026.546844,217
1709520026.596730,214
1709520026.641520,218
1709520026.665201,216
1709520026.716404,215
1709520026.763726,215
1709520026.785624,216
1709520026.810432,215
1709520026.838465,218
1709520026.885604,214
1709520026.913626,217
1709520026.974470,214
1709520027.010767,216
1709520027.039757,215
1709520027.085247,217
1709520027.110239,217
1709520027.132336,215
1709520027.170501,214
1709520027.195767,217
1709520027.224395,217
1709520027.245843,217
1709520027.272865,217
1709520027.322972,215
1709520027.378279,213
1709520027.402239,217
1709520027.441307,217
1709520027.508405,218
1709520027.539972,215
1709520027.599600,217
1709520027.629255,217
1709520027.665949,215
1709520027.696621,217
1709520027.721067,218
1709520027.740105,217
1709520027.781280,218
1709520027.801278,218
1709520027.821183,217
1709520027.851145,217
1709520027.885099,218
1709520027.927943,217
1709520027.956655,217
1709520028.015523,217
1709520028.034271,218
1709520028.058613,218
1709520028.114487,215
1709520028.134351,218
1709520028.174435,215
1709520028.204507,218
1709520028.234507,217
1709520028.259781,217
1709520028.312218,216
1709520028.340124,217
1709520028.382216,219
1709520028.404377,217
1709520028.436462,218
1709520028.475693,216
1709520028.500247,216
1709520028.550699,212
1709520028.577302,216
1709520028.599635,215
1709520028.635287,217
1709520028.655965,217
1709520028.678870,218
1709520028.728693,218
1709520028.753680,217
1709520028.787497,215
1709520028.813083,216
1709520028.846821,216
1709520028.896857,212
1709520028.916816,217
1709520028.936685,217
1709520028.965415,218
1709520029.027378,216
1709520029.070008,218
1709520029.099815,217
1709520029.128983,217
1709520029.159773,218
1709520029.210552,217
1709520029.242818,219
1709520029.289448,219
1709520029.345332,218
1709520029.367971,217
1709520029.387581,219
