1709522422.908687,0
1709522422.990849,0
1709522423.043946,1
1709522423.098323,1
1709522423.131069,1
1709522423.179049,2
1709522423.249501,1
1709522423.275984,1
1709522423.314522,3
1709522423.338027,1
1709522423.367560,1
1709522423.458629,0
1709522423.526715,1
1709522423.570239,1
1709522423.595629,1
1709522423.617821,2
1709522423.642323,2
1709522423.677004,2
1709522423.708171,2
1709522423.792737,2
1709522423.819717,2
1709522423.850321,2
1709522423.944297,2
1709522423.978812,2
1709522424.008321,4
1709522424.045871,3
1709522424.090693,1
1709522424.115373,2
1709522424.140942,1
1709522424.187240,1
1709522424.217911,1
1709522424.244636,1
1709522424.278870,1
1709522424.306417,0
1709522424.338630,1
1709522424.417049,1
1709522424.447176,2
1709522424.551218,0
1709522424.577469,2
1709522424.604347,2
1709522424.659485,1
1709522424.684302,1
1709522424.783818,4
1709522424.809313,2
1709522424.840122,3
1709522424.914753,1
1709522424.994043,0
1709522425.027849,1
1709522425.063764,1
1709522425.143906,1
1709522425.173850,2
1709522425.247058,2
1709522425.274775,2
1709522425.318242,3
1709522425.349023,2
1709522425.376339,4
1709522425.434369,2
1709522425.464554,2
1709522425.539909,2
1709522425.563795,3
1709522425.598859,3
1709522425.627765,2
1709522425.652989,2
1709522425.705558,1
1709522425.729865,2
1709522425.771512,2
1709522425.831300,2
1709522425.866333,2
1709522425.887731,2
1709522425.925858,2
1709522426.000345,1
1709522426.036192,1
1709522426.061303,2
1709522426.083123,2
1709522426.170746,1
1709522426.201754,2
1709522426.225842,2
1709522426.247760,2
1709522426.312344,2
1709522426.336788,2
1709522426.371136,2
1709522426.399893,2
1709522426.422563,3
1709522426.464438,2
1709522426.493040,2
1709522426.518191,1
1709522426.570435,2
1709522426.611152,3
1709522426.659453,3
1709522426.698573,6
1709522426.744085,5
1709522426.772043,6
1709522426.823790,6
1709522426.905468,5
1709522426.935194,5
1709522426.975666,4
1709522427.007338,4
1709522427.095013,4
1709522427.133564,4
1709522427.171846,4
1709522427.201191,4
1709522427.247706,3
1709522427.282443,2
1709522427.389980,2
1709522427.427499,3
1709522427.478070,3
1709522427.523840,4
1709522427.586290,2
1709522427.611890,2
1709522427.642763,3
1709522427.675068,3
1709522427.747492,1
1709522427.816365,1
1709522427.845073,1
1709522427.868659,1
1709522427.903108,0
1709522427.942279,1
1709522427.971550,1
1709522428.056324,1
1709522428.084463,1
1709522428.106847,1
1709522428.127691,1
1709522428.186439,3
1709522428.216480,3
1709522428.241676,5
1709522428.264369,3
1709522428.284348,3
1709522428.333687,2
1709522428.355460,3
1709522428.390286,2
1709522428.424362,3
1709522428.456235,3
1709522428.518038,4
1709522428.539511,3
1709522428.594667,3
1709522428.615403,3
1709522428.645174,3
1709522428.672220,3
1709522428.721879,3
1709522428.760969,2
1709522428.779972,2
1709522428.811203,1
1709522428.832655,1
1709522428.895344,3
1709522428.914326,2
1709522428.942213,3
1709522428.978910,4
1709522428.998895,5
1709522429.053099,4
1709522429.079214,5
1709522429.145602,4
1709522429.175749,5
1709522429.225301,4
1709522429.269344,2
1709522429.292241,2
1709522429.345967,1
1709522429.369323,1
1709522429.414441,2
1709522429.439219,2
1709522429.460927,2
1709522429.493126,3
1709522429.556117,1
1709522429.611661,2
1709522429.675717,1
1709522429.694188,1
1709522429.725384,0
1709522429.761524,0
1709522429.823471,1
1709522429.845231,1
1709522429.868364,1
1709522429.905356,1
1709522429.930755,1
1709522429.985098,1
1709522430.010440,2
1709522430.034601,2
1709522430.083681,1
1709522430.128184,1
1709522430.170586,0
1709522430.210110,1
1709522430.251366,4
1709522430.304008,3
1709522430.334753,2
1709522430.366018,2
1709522430.411317,1
1709522430.438884,1
1709522430.487826,1
1709522430.535623,2
1709522430.569698,1
1709522430.632789,2
1709522430.654644,2
1709522430.719123,2
1709522430.752446,2
1709522430.864145,2
1709522430.881737,2
1709522430.925751,1
1709522430.947445,1
1709522430.985677,2
1709522431.026558,1
1709522431.048034,2
1709522431.066979,1
1709522431.100127,3
1709522431.157686,1
1709522431.184546,1
1709522431.220252,1
1709522431.246733,1
1709522431.302114,2
1709522431.332560,1
1709522431.382369,1
1709522431.476930,2
1709522431.645081,2
1709522431.692440,2
1709522431.728012,2
1709522431.817083,3
1709522431.843727,2
1709522431.885996,2
1709522431.918616,2
1709522431.951165,3
1709522431.993503,3
1709522432.037507,4
1709522432.118742,1
1709522432.155389,1
1709522432.192097,1
1709522432.245662,1
1709522432.272589,2
1709522432.300632,1
1709522432.322804,1
1709522432.377276,2
1709522432.411150,1
1709522432.439647,1
1709522432.468686,1
1709522432.517936,1
1709522432.562878,1
1709522432.585994,2
1709522432.606102,2
1709522432.629270,2
1709522432.685707,2
1709522432.727426,1
1709522432.761451,1
1709522432.801666,2
1709522432.849833,3
1709522432.880810,3
1709522432.949901,1
1709522433.016970,1
1709522433.058760,1
1709522433.112334,1
1709522433.144703,1
1709522433.182109,1
1709522433.200821,2
1709522433.233880,1
1709522433.265025,1
1709522433.287223,2
1709522433.308622,3
1709522433.358132,3
1709522433.388113,3
1709522433.419145,3
1709522433.441102,4
1709522433.467503,2
1709522433.492150,2
1709522433.510971,2
1709522433.538492,3
1709522433.560428,3
1709522433.589439,2
1709522433.617102,3
1709522433.664140,2
1709522433.690477,2
1709522433.764881,1
1709522433.806487,1
1709522433.834689,1
1709522433.894942,1
1709522433.937217,1
1709522433.963307,3
1709522433.986571,2
1709522434.013071,2
1709522434.035189,2
1709522434.089530,3
1709522434.140074,2
1709522434.165437,1
1709522434.189344,1
1709522434.222450,1
1709522434.284185,1
1709522434.311795,1
1709522434.332584,1
1709522434.368017,1
1709522434.426474,0
1709522434.453795,1
1709522434.495121,1
1709522434.516426,1
1709522434.543678,1
1709522434.598966,1
1709522434.665667,2
1709522434.688943,1
1709522434.715085,1
1709522434.743216,1
1709522434.800145,1
1709522434.861843,1
1709522434.896749,3
1709522434.925573,1
1709522434.966502,2
1709522434.991254,3
1709522435.062732,4
1709522435.090656,6
1709522435.112511,4
1709522435.164190,4
1709522435.216223,4
1709522435.236873,3
1709522435.271546,2
1709522435.300666,3
1709522435.333068,2
1709522435.397959,2
1709522435.428725,1
1709522435.451391,1
1709522435.489393,1
1709522435.518586,1
1709522435.573219,1
1709522435.594118,1
1709522435.620518,1
1709522435.678024,3
1709522435.700284,2
1709522435.760540,2
1709522435.784827,2
1709522435.821689,3
1709522435.853365,2
1709522435.913564,2
1709522435.947176,2
1709522435.971496,3
1709522435.997347,2
1709522436.035932,2
1709522436.088467,2
1709522436.109130,2
1709522436.135736,3
1709522436.193300,2
1709522436.223192,1
1709522436.271427,1
1709522436.299215,1
1709522436.334675,1
1709522436.369507,1
1709522436.398783,1
1709522436.419095,1
1709522436.448305,1
1709522436.468499,1
1709522436.540350,1
1709522436.575007,1
1709522436.598558,1
1709522436.635135,1
1709522436.654356,1
1709522436.703785,2
1709522436.725977,2
1709522436.790037,2
1709522436.813607,3
1709522436.837657,2
1709522436.864818,2
1709522436.917004,2
1709522436.935352,2
1709522436.962878,2
1709522437.016716,2
1709522437.070766,3
1709522437.109355,3
1709522437.137057,3
1709522437.186733,3
1709522437.230069,3
1709522437.264381,3
1709522437.287026,3
1709522437.339884,4
1709522437.383227,3
1709522437.407013,3
1709522437.468269,2
1709522437.530618,2
1709522437.574101,2
1709522437.601363,2
1709522437.659741,2
1709522437.687236,2
1709522437.739371,0
1709522437.780574,1
1709522437.801344,1
1709522437.857450,1
1709522437.892284,1
1709522437.914699,1
1709522437.942824,1
1709522437.992441,2
1709522438.030404,2
1709522438.055826,2
1709522438.100305,1
1709522438.121474,0
1709522438.156717,1
1709522438.195807,1
1709522438.257243,2
1709522438.306231,1
1709522438.342578,1
1709522438.367916,1
1709522438.394700,1
1709522438.425647,2
1709522438.460038,2
1709522438.518694,2
1709522438.553939,1
1709522438.579818,1
1709522438.631272,1
1709522438.684132,1
1709522438.708912,1
1709522438.733904,1
1709522438.786300,1
1709522438.805752,2
1709522438.858672,0
1709522438.903233,1
1709522438.924753,2
1709522438.979504,2
1709522439.006786,3
1709522439.030858,3
1709522439.083503,4
1709522439.147972,3
1709522439.173453,3
1709522439.221042,2
1709522439.254135,5
1709522439.292653,2
1709522439.313032,2
1709522439.349473,2
1709522439.385066,2
1709522439.420875,3
1709522439.449063,2
1709522439.476877,1
1709522439.538690,1
1709522439.586334,2
1709522439.608962,1
1709522439.630275,1
1709522439.667469,1
1709522439.701861,1
1709522439.729954,2
1709522439.777315,2
1709522439.810014,1
1709522439.849004,1
1709522439.903924,1
1709522439.922227,2
1709522439.943613,1
1709522440.007019,3
1709522440.036664,3
1709522440.073163,4
1709522440.105073,3
1709522440.131997,4
1709522440.171449,4
1709522440.203047,2
1709522440.224921,3
1709522440.275491,3
1709522440.312552,4
1709522440.340669,3
1709522440.359968,3
1709522440.383534,4
1709522440.416894,3
1709522440.480393,3
1709522440.501694,2
1709522440.519286,2
1709522440.540194,2
1709522440.598395,1
1709522440.625844,1
1709522440.648139,1
1709522440.678579,2
1709522440.731711,2
1709522440.755406,2
1709522440.784691,2
1709522440.838841,2
1709522440.865211,1
1709522440.892265,1
1709522440.927920,1
1709522440.948056,1
1709522440.991403,2
1709522441.020207,2
1709522441.042521,2
1709522441.096376,2
1709522441.120608,3
1709522441.143159,3
1709522441.179291,3
1709522441.198739,3
1709522441.263487,2
1709522441.342492,1
1709522441.369462,2
1709522441.394061,2
1709522441.417163,2
1709522441.446787,2
1709522441.467278,3
1709522441.522493,2
1709522441.552731,3
1709522441.591177,3
1709522441.632531,2
1709522441.671538,1
1709522441.700548,1
1709522441.742895,1
1709522441.767870,1
1709522441.796363,2
1709522441.837208,2
1709522441.879751,2
1709522441.927498,3
1709522441.948752,4
1709522441.980384,3
1709522442.010225,4
1709522442.050831,5
1709522442.077352,5
1709522442.132100,5
1709522442.159798,5
1709522442.195720,5
1709522442.229914,6
1709522442.281180,5
1709522442.305488,6
1709522442.325911,5
1709522442.353260,5
1709522442.381923,6
1709522442.401375,5
1709522442.424528,5
1709522442.482684,6
1709522442.500744,6
1709522442.527656,6
1709522442.578567,6
1709522442.601433,6
1709522442.647111,7
1709522442.667511,9
1709522442.697310,6
1709522442.745304,7
1709522442.772582,7
1709522442.830046,5
1709522442.851789,6
1709522442.874048,5
1709522442.896999,5
1709522442.952896,5
1709522442.989293,5
1709522443.009192,6
1709522443.031743,6
1709522443.067219,6
1709522443.099595,6
1709522443.145910,4
1709522443.205754,4
1709522443.250663,4
1709522443.275086,4
1709522443.299066,5
1709522443.331477,4
1709522443.387127,3
1709522443.417615,3
1709522443.459115,2
1709522443.503513,2
1709522443.545085,2
1709522443.571949,3
1709522443.592587,3
1709522443.632506,3
1709522443.657012,4
1709522443.685346,3
1709522443.742742,2
1709522443.787904,2
1709522443.819723,1
1709522443.841673,2
1709522443.867045,2
1709522443.900269,2
1709522443.944813,2
1709522443.974585,2
1709522444.011068,1
1709522444.038705,1
1709522444.072573,1
1709522444.133543,1
1709522444.155347,2
1709522444.184809,2
1709522444.237986,1
1709522444.266651,1
1709522444.321304,3
1709522444.343478,3
1709522444.388059,2
1709522444.440565,1
1709522444.484034,1
1709522444.520593,1
1709522444.561908,2
1709522444.597358,2
1709522444.637728,2
1709522444.655170,2
1709522444.682188,2
1709522444.703888,2
1709522444.725044,3
1709522444.765526,2
1709522444.800271,2
1709522444.860075,1
1709522444.893839,0
1709522444.943923,1
1709522444.966130,1
1709522445.007120,1
1709522445.046780,3
1709522445.082027,4
1709522445.119177,3
1709522445.173499,6
1709522445.195000,5
1709522445.239957,3
1709522445.260727,3
1709522445.282993,4
1709522445.346019,3
1709522445.368652,3
1709522445.404804,4
1709522445.423781,4
1709522445.449906,4
1709522445.529413,4
1709522445.560920,4
1709522445.585473,4
1709522445.611802,5
1709522445.653363,2
1709522445.676460,2
1709522445.705260,3
1709522445.733488,2
1709522445.780208,2
1709522445.800457,2
1709522445.836707,2
1709522445.869708,1
1709522445.890956,2
1709522445.939906,1
1709522445.980473,2
1709522446.005337,1
1709522446.063144,2
1709522446.085641,2
1709522446.115725,2
1709522446.156138,2
1709522446.184072,2
1709522446.236054,3
1709522446.261830,3
1709522446.287282,3
1709522446.355286,6
1709522446.375536,6
1709522446.442521,4
1709522446.465159,6
1709522446.495040,5
1709522446.542332,4
1709522446.588299,4
1709522446.632464,4
1709522446.689065,4
1709522446.717393,5
1709522446.757627,5
1709522446.778569,4
1709522446.847374,3
1709522446.881707,2
1709522446.928822,4
1709522446.983193,3
1709522447.011910,5
1709522447.051256,4
1709522447.106313,3
1709522447.165396,3
1709522447.190651,3
1709522447.234773,2
1709522447.270815,2
1709522447.318177,2
1709522447.369820,2
1709522447.406323,2
1709522447.439389,2
1709522447.464869,2
1709522447.495995,2
1709522447.548554,2
1709522447.610433,2
1709522447.638739,3
1709522447.660244,2
1709522447.709270,1
1709522447.758453,1
1709522447.779163,1
1709522447.811217,1
1709522447.889882,1
1709522447.929866,1
1709522447.963299,1
1709522448.041231,1
1709522448.063657,1
1709522448.090899,1
1709522448.119791,1
1709522448.178684,3
1709522448.206602,2
1709522448.243494,1
1709522448.272678,1
1709522448.308517,1
1709522448.347275,1
1709522448.370076,2
1709522448.420353,1
1709522448.488183,1
1709522448.515104,2
1709522448.545466,1
1709522448.568955,0
1709522448.600528,1
1709522448.623228,1
1709522448.647174,1
1709522448.697720,1
1709522448.724690,1
1709522448.780885,1
1709522448.811743,1
1709522448.830637,1
1709522448.851711,1
1709522448.877476,1
1709522448.905955,1
1709522448.931875,1
1709522448.976769,2
1709522449.002671,1
1709522449.024914,1
1709522449.055445,1
1709522449.077784,1
1709522449.130729,1
1709522449.157775,3
1709522449.193764,2
1709522449.229385,2
1709522449.259726,3
1709522449.285295,4
1709522449.330537,4
1709522449.354266,3
1709522449.386149,3
1709522449.411215,3
1709522449.433774,4
1709522449.484721,3
1709522449.504773,3
1709522449.525788,4
1709522449.548640,3
1709522449.596481,2
1709522449.617095,2
1709522449.683451,3
1709522449.706759,3
1709522449.743957,3
1709522449.764017,3
1709522449.819218,2
1709522449.843192,3
1709522449.887067,1
1709522449.912330,1
1709522449.933945,1
1709522449.959486,1
1709522450.016962,2
1709522450.038964,2
1709522450.082603,1
1709522450.102814,1
1709522450.136400,2
1709522450.155379,2
1709522450.214038,2
1709522450.236115,2
1709522450.280902,1
1709522450.307035,1
1709522450.331187,1
1709522450.354111,1
1709522450.401873,2
1709522450.447409,1
1709522450.470567,2
1709522450.505855,1
1709522450.528619,1
1709522450.579126,1
1709522450.602703,1
1709522450.664333,1
1709522450.689582,0
1709522450.716155,1
1709522450.739536,1
1709522450.792288,1
1709522450.846727,1
1709522450.871415,1
1709522450.920985,1
1709522450.963671,2
1709522450.989655,2
1709522451.041484,3
1709522451.063704,2
1709522451.110481,3
1709522451.175357,2
1709522451.204165,2
1709522451.247868,2
1709522451.289958,2
1709522451.329179,2
1709522451.385924,1
1709522451.406004,2
1709522451.438448,2
1709522451.463140,2
1709522451.501371,2
1709522451.542268,3
1709522451.581155,1
1709522451.601945,1
1709522451.652576,1
1709522451.675833,1
1709522451.729141,1
1709522451.755035,1
1709522451.777203,1
1709522451.838158,2
1709522451.878236,2
1709522451.903570,2
1709522451.927835,1
1709522451.973662,1
1709522451.996098,1
1709522452.034570,1
1709522452.054765,2
1709522452.075006,1
1709522452.100391,1
1709522452.144680,2
1709522452.165936,2
1709522452.187834,2
1709522452.214895,2
1709522452.239009,1
1709522452.267156,3
1709522452.338624,2
1709522452.365135,3
1709522452.400976,2
1709522452.470909,1
1709522452.494429,1
1709522452.562834,2
1709522452.593423,4
1709522452.627904,3
1709522452.651690,3
1709522452.703814,3
1709522452.757527,4
1709522452.779312,5
1709522452.829119,3
1709522452.875591,2
1709522452.904219,1
1709522452.936977,1
1709522452.983325,1
1709522453.023137,2
1709522453.046589,3
1709522453.103513,4
1709522453.159683,3
1709522453.179542,2
1709522453.201118,3
1709522453.261602,3
1709522453.298649,2
1709522453.318214,2
1709522453.345446,2
1709522453.391290,2
1709522453.427653,3
1709522453.451808,2
1709522453.477371,2
1709522453.531711,2
1709522453.556930,2
1709522453.580203,2
1709522453.628760,3
1709522453.672925,0
1709522453.731277,2
1709522453.751795,2
1709522453.777928,3
1709522453.803121,2
1709522453.852077,1
1709522453.911812,4
1709522453.932375,5
1709522453.955699,4
1709522453.977459,5
1709522454.027359,4
1709522454.048501,4
1709522454.074580,4
1709522454.115821,5
1709522454.156209,5
1709522454.181441,7
1709522454.210286,5
1709522454.230270,5
1709522454.283712,6
1709522454.324872,6
1709522454.349595,8
1709522454.385655,5
1709522454.435864,8
1709522454.458805,5
1709522454.486637,4
1709522454.511940,6
1709522454.533937,6
1709522454.562875,6
1709522454.617022,6
1709522454.643343,4
1709522454.667985,4
1709522454.716288,5
1709522454.750617,5
1709522454.783395,3
1709522454.805908,3
1709522454.830354,3
1709522454.873098,5
1709522454.894852,4
1709522454.914156,3
1709522454.964861,4
1709522454.993371,4
1709522455.021854,4
1709522455.070490,5
1709522455.112258,1
1709522455.154212,3
1709522455.184169,3
1709522455.236722,2
1709522455.280526,2
1709522455.302697,2
1709522455.336954,2
1709522455.379241,2
1709522455.427287,2
1709522455.470345,2
1709522455.525808,1
1709522455.551851,2
1709522455.587586,2
1709522455.649913,6
1709522455.703411,6
1709522455.722137,5
1709522455.749948,6
1709522455.769570,5
1709522455.793939,5
1709522455.845456,4
1709522455.866673,3
1709522455.910588,2
1709522455.932293,3
1709522455.954654,2
1709522455.985824,2
1709522456.006162,2
1709522456.059262,2
1709522456.084934,2
1709522456.111233,1
1709522456.131488,1
1709522456.155024,1
1709522456.223800,3
1709522456.253582,1
1709522456.303227,0
1709522456.328094,1
1709522456.353049,1
1709522456.373031,1
1709522456.425649,1
1709522456.465460,2
1709522456.495149,1
1709522456.530706,0
1709522456.561708,1
1709522456.635971,2
1709522456.687997,2
1709522456.726819,2
1709522456.764054,2
1709522456.785234,2
1709522456.825167,1
1709522456.848067,1
1709522456.891361,2
1709522456.918578,2
1709522456.968341,1
1709522456.988277,1
1709522457.011118,1
1709522457.061391,2
1709522457.093643,2
1709522457.122935,2
1709522457.176740,3
1709522457.216550,3
1709522457.239168,4
1709522457.265386,3
1709522457.299037,2
1709522457.324803,5
1709522457.356290,3
1709522457.445965,1
1709522457.468072,2
1709522457.488492,3
1709522457.506434,2
1709522457.531846,2
1709522457.576799,1
1709522457.621124,2
1709522457.644163,2
1709522457.669296,2
1709522457.694822,2
1709522457.739049,3
1709522457.761446,2
1709522457.807320,2
1709522457.841815,3
1709522457.873470,1
1709522457.948101,1
1709522457.977471,1
1709522458.008942,1
1709522458.054673,1
1709522458.076735,1
1709522458.124427,2
1709522458.150426,1
1709522458.171508,1
1709522458.193553,1
1709522458.214910,1
1709522458.235201,1
1709522458.292158,1
1709522458.313922,1
1709522458.334652,1
1709522458.397721,1
1709522458.417190,2
1709522458.448000,1
1709522458.488860,3
1709522458.521275,1
1709522458.585823,1
1709522458.629888,3
1709522458.665677,5
1709522458.685639,4
1709522458.724479,4
1709522458.771304,6
1709522458.793384,5
1709522458.816411,5
1709522458.854798,5
1709522458.899890,4
1709522458.922432,5
1709522458.943511,4
1709522459.000492,5
1709522459.048700,6
1709522459.084872,6
1709522459.133570,6
1709522459.168497,5
1709522459.189836,5
1709522459.214839,4
1709522459.257021,4
1709522459.280645,5
1709522459.305081,4
1709522459.356375,3
1709522459.409062,1
1709522459.431812,1
1709522459.485507,1
1709522459.507658,2
1709522459.530416,2
1709522459.575871,2
1709522459.600575,2
1709522459.624316,2
1709522459.655513,2
1709522459.714860,3
1709522459.737537,1
1709522459.773461,2
1709522459.819623,1
1709522459.842399,3
1709522459.873935,2
1709522459.912864,2
1709522459.952323,1
1709522459.988249,1
1709522460.015512,1
1709522460.106447,1
1709522460.130065,2
1709522460.230828,3
1709522460.279685,4
1709522460.327107,3
1709522460.367761,2
1709522460.397232,2
1709522460.437606,2
1709522460.470728,2
1709522460.496113,2
1709522460.525027,2
1709522460.550591,2
1709522460.575283,2
1709522460.621585,2
1709522460.666941,2
1709522460.697463,2
1709522460.714299,2
1709522460.744718,2
1709522460.767009,2
1709522460.821708,2
1709522460.842325,2
1709522460.902578,4
1709522460.933024,3
1709522460.987304,3
1709522461.035653,4
1709522461.061691,4
1709522461.110333,5
1709522461.170701,2
1709522461.197551,3
1709522461.230665,2
1709522461.261387,3
1709522461.291019,3
1709522461.330432,2
1709522461.359146,2
1709522461.392692,2
1709522461.444925,2
1709522461.470141,3
1709522461.499546,4
1709522461.557648,2
1709522461.584838,2
1709522461.605543,3
1709522461.658486,2
1709522461.697458,1
1709522461.740357,3
1709522461.799163,3
1709522461.845599,1
1709522461.880892,1
1709522461.908403,1
1709522461.956593,1
1709522461.994859,2
1709522462.017868,3
1709522462.038546,2
1709522462.086461,3
1709522462.110010,3
1709522462.146435,2
1709522462.175081,3
1709522462.217606,4
1709522462.279164,3
1709522462.317494,4
1709522462.348144,5
1709522462.419554,2
1709522462.441455,2
1709522462.463480,2
1709522462.491794,2
1709522462.524138,2
1709522462.564183,3
1709522462.595850,3
1709522462.633452,3
1709522462.656988,3
1709522462.709140,2
1709522462.729326,2
1709522462.749363,2
1709522462.779969,2
1709522462.836635,2
1709522462.863053,2
1709522462.885682,2
1709522462.935426,2
1709522462.963645,1
1709522462.986856,1
1709522463.031181,3
1709522463.055060,3
1709522463.080341,3
1709522463.114610,4
1709522463.160579,4
1709522463.201949,3
1709522463.230330,3
1709522463.249991,3
1709522463.281757,3
1709522463.317880,2
1709522463.344549,2
1709522463.371541,2
1709522463.407193,1
1709522463.432259,2
1709522463.477348,2
1709522463.497236,2
1709522463.525331,2
1709522463.561906,1
1709522463.584920,1
1709522463.627173,1
1709522463.650708,1
1709522463.673779,1
1709522463.730335,2
1709522463.751450,2
1709522463.790349,2
1709522463.816259,3
1709522463.846727,3
1709522463.892804,3
1709522463.925443,1
1709522463.961781,1
1709522463.992812,3
1709522464.022328,4
1709522464.101278,2
1709522464.131086,2
1709522464.183543,3
1709522464.205212,2
1709522464.224923,2
1709522464.251622,2
1709522464.282353,1
1709522464.310063,1
1709522464.332306,4
1709522464.355032,3
1709522464.379263,3
1709522464.421162,3
1709522464.447659,2
1709522464.472041,4
1709522464.500171,4
1709522464.536565,4
1709522464.578755,6
1709522464.599559,5
1709522464.635057,4
1709522464.665821,4
1709522464.695374,3
1709522464.749975,4
1709522464.772269,4
1709522464.805253,4
1709522464.834575,4
1709522464.879231,4
1709522464.927586,3
1709522464.987874,4
1709522465.013490,3
1709522465.045570,3
1709522465.094388,3
1709522465.138960,3
1709522465.184285,3
1709522465.203555,2
1709522465.274220,3
1709522465.295147,2
1709522465.369844,1
1709522465.401167,1
1709522465.450759,1
1709522465.500561,2
1709522465.564831,3
1709522465.584270,1
1709522465.630543,2
1709522465.661375,1
1709522465.686857,2
1709522465.738244,1
1709522465.758260,0
1709522465.796195,1
1709522465.825035,1
1709522465.848273,1
1709522465.881609,1
1709522465.918571,1
1709522465.944339,0
1709522465.962712,1
1709522466.005835,1
1709522466.036792,3
1709522466.085229,2
1709522466.110431,3
1709522466.133304,3
1709522466.193799,3
1709522466.228755,3
1709522466.250736,4
1709522466.287827,2
1709522466.319142,1
1709522466.360145,1
1709522466.384433,1
1709522466.410486,1
1709522466.441814,1
1709522466.505153,2
1709522466.534046,2
1709522466.576056,1
1709522466.600407,1
1709522466.674307,1
1709522466.701053,1
1709522466.752616,1
1709522466.777409,1
1709522466.836513,2
1709522466.870806,2
1709522466.917029,3
1709522466.981163,2
1709522467.019556,2
1709522467.057137,2
1709522467.098173,2
1709522467.120167,2
1709522467.159573,2
1709522467.186600,2
1709522467.233300,3
1709522467.286397,5
1709522467.333962,3
1709522467.375821,3
1709522467.432807,2
1709522467.461004,1
1709522467.492983,1
1709522467.549227,1
1709522467.583589,1
1709522467.623400,2
1709522467.646718,2
1709522467.689437,1
1709522467.711673,2
1709522467.748991,2
1709522467.770044,1
1709522467.814910,0
1709522467.857684,2
1709522467.890104,2
1709522467.911806,2
1709522467.940416,2
1709522467.965957,2
1709522468.018735,3
1709522468.067028,1
1709522468.090754,2
1709522468.121222,1
1709522468.152383,1
1709522468.181104,2
1709522468.208334,0
1709522468.229534,1
1709522468.258273,1
1709522468.309110,1
1709522468.391042,3
1709522468.419418,2
1709522468.458780,1
1709522468.483672,2
1709522468.536139,2
1709522468.555980,2
1709522468.578916,3
1709522468.610216,2
1709522468.652992,1
1709522468.712716,2
1709522468.734084,1
1709522468.759733,1
1709522468.811303,1
1709522468.836069,1
1709522468.863591,1
1709522468.928221,1
1709522468.980432,1
1709522469.001264,1
1709522469.024559,1
1709522469.047391,1
1709522469.082342,1
1709522469.143764,2
1709522469.173250,2
1709522469.200935,3
1709522469.232738,3
1709522469.303291,2
1709522469.327617,2
1709522469.387885,1
1709522469.422848,1
1709522469.455019,2
1709522469.504074,1
1709522469.532423,2
1709522469.555464,1
1709522469.580885,1
1709522469.607327,1
1709522469.648668,1
1709522469.694120,1
1709522469.724042,4
1709522469.746609,2
1709522469.794656,2
1709522469.817552,2
1709522469.844702,2
1709522469.874003,2
1709522469.898212,2
1709522469.944642,2
1709522470.008271,2
1709522470.038224,2
1709522470.092515,1
1709522470.135607,1
1709522470.179155,1
1709522470.205104,2
1709522470.248699,2
1709522470.297868,2
1709522470.348003,2
1709522470.399083,1
1709522470.420716,1
1709522470.468426,1
1709522470.506276,1
1709522470.526763,2
1709522470.550611,2
1709522470.577666,2
1709522470.622957,2
1709522470.667281,2
1709522470.709878,2
1709522470.734133,2
1709522470.771148,0
1709522470.806570,1
1709522470.833775,1
1709522470.852801,1
1709522470.884774,1
1709522470.922863,3
1709522470.946571,5
1709522471.016116,2
1709522471.046133,2
1709522471.099188,2
1709522471.142667,2
1709522471.166863,3
1709522471.186520,2
1709522471.214635,3
1709522471.242397,3
1709522471.292527,1
1709522471.314966,1
1709522471.367675,1
1709522471.390755,1
1709522471.423201,1
1709522471.466210,1
1709522471.494924,1
1709522471.515396,1
1709522471.572883,4
1709522471.599749,4
1709522471.626671,4
1709522471.683704,5
1709522471.727387,4
1709522471.748993,4
1709522471.771002,4
1709522471.801007,3
1709522471.847282,3
1709522471.893282,3
1709522471.929661,2
1709522471.956513,2
1709522471.977142,2
1709522472.044151,1
1709522472.066333,1
1709522472.089832,1
1709522472.109125,1
1709522472.139835,1
1709522472.162487,1
1709522472.260238,1
1709522472.281369,1
1709522472.311604,1
1709522472.331618,1
1709522472.376881,2
1709522472.397906,2
1709522472.434392,1
1709522472.455656,2
1709522472.481017,2
1709522472.509373,2
1709522472.554916,1
1709522472.587414,1
1709522472.630399,2
1709522472.670594,2
1709522472.721177,2
1709522472.747298,2
1709522472.786404,1
1709522472.814164,1
1709522472.835771,1
1709522472.872411,2
1709522472.895410,3
1709522472.920645,3
1709522472.988121,2
1709522473.022308,1
1709522473.052917,1
1709522473.072932,1
1709522473.110169,1
1709522473.132505,2
1709522473.154874,2
1709522473.177433,3
1709522473.198885,2
1709522473.246937,1
1709522473.282800,1
1709522473.304060,1
1709522473.328699,1
1709522473.347341,2
1709522473.370113,1
1709522473.415272,2
1709522473.466357,2
1709522473.493373,2
1709522473.516642,2
1709522473.561291,2
1709522473.619231,2
1709522473.638967,2
1709522473.666118,2
1709522473.692065,3
1709522473.714429,2
1709522473.750365,2
1709522473.775629,2
1709522473.833395,2
1709522473.898486,2
1709522473.927353,2
1709522473.988898,2
1709522474.031485,1
1709522474.067804,2
1709522474.089024,2
1709522474.153974,1
1709522474.184934,2
1709522474.212620,2
1709522474.253698,1
1709522474.289794,1
1709522474.310993,1
1709522474.356227,1
1709522474.402906,2
1709522474.449118,2
1709522474.477875,2
1709522474.497114,2
1709522474.561964,3
1709522474.591222,4
1709522474.623763,4
1709522474.645032,5
1709522474.694731,3
1709522474.747567,3
1709522474.787037,2
1709522474.810672,2
1709522474.855555,2
1709522474.877753,3
1709522474.903545,3
1709522474.955806,3
1709522474.986473,2
1709522475.044738,1
1709522475.088330,2
1709522475.112656,2
1709522475.150155,2
1709522475.199464,2
1709522475.230157,2
1709522475.260447,2
1709522475.286952,2
1709522475.329497,2
1709522475.350230,2
1709522475.399896,1
1709522475.455208,1
1709522475.491064,1
1709522475.520052,2
1709522475.552798,1
1709522475.591580,3
1709522475.653610,4
1709522475.675430,4
1709522475.710058,5
1709522475.758690,4
1709522475.797008,4
1709522475.819546,4
1709522475.873291,4
1709522475.902727,4
1709522475.951794,3
1709522475.986719,4
1709522476.035406,5
1709522476.055696,4
1709522476.081397,5
1709522476.104397,6
1709522476.158578,4
1709522476.178027,5
1709522476.236364,6
1709522476.259978,5
1709522476.297311,6
1709522476.330354,4
1709522476.358791,4
1709522476.388344,4
1709522476.412308,5
1709522476.456691,5
1709522476.485051,5
1709522476.515871,6
1709522476.555681,5
1709522476.589084,6
1709522476.609726,7
1709522476.641232,6
1709522476.708326,5
1709522476.730498,6
1709522476.761863,6
1709522476.784881,6
1709522476.824525,6
1709522476.886419,6
1709522476.924218,6
1709522476.964974,8
1709522477.003914,4
1709522477.025219,5
1709522477.048380,5
1709522477.078532,5
1709522477.132881,6
1709522477.163815,5
1709522477.189830,5
1709522477.210346,5
1709522477.266551,5
1709522477.305748,4
1709522477.345512,4
1709522477.379179,5
1709522477.426158,6
1709522477.459181,7
1709522477.486951,6
1709522477.508703,7
1709522477.546053,6
1709522477.595813,4
1709522477.621056,3
1709522477.649428,3
1709522477.671632,2
1709522477.716632,2
1709522477.740732,2
1709522477.778681,3
1709522477.807563,2
1709522477.845734,2
1709522477.897100,1
1709522477.919926,1
1709522477.959263,1
1709522478.006191,2
1709522478.035271,3
1709522478.085774,2
1709522478.121353,3
1709522478.142489,5
1709522478.166306,3
1709522478.204115,3
1709522478.226701,2
1709522478.275963,1
1709522478.308055,2
1709522478.351477,1
1709522478.379566,1
1709522478.414044,1
1709522478.445645,2
1709522478.485192,2
1709522478.507137,2
1709522478.532163,2
1709522478.569975,3
1709522478.600760,1
1709522478.621848,1
1709522478.666364,2
1709522478.697915,2
1709522478.722442,2
1709522478.777125,2
1709522478.801878,1
1709522478.823430,2
1709522478.873635,2
1709522478.904504,2
1709522478.925510,2
1709522478.984092,1
1709522479.015559,1
1709522479.068736,1
1709522479.099174,1
1709522479.160223,0
1709522479.210386,1
1709522479.232691,1
1709522479.263084,2
1709522479.297656,3
1709522479.353491,5
1709522479.410638,3
1709522479.431877,3
1709522479.455944,4
1709522479.479961,3
1709522479.502231,3
1709522479.524444,3
1709522479.571229,2
1709522479.591127,2
1709522479.641766,1
1709522479.668359,1
1709522479.689714,1
1709522479.739814,1
1709522479.772698,1
1709522479.814281,1
1709522479.842958,1
1709522479.864529,1
1709522479.887265,1
1709522479.952740,1
1709522479.978301,3
1709522480.016966,2
1709522480.052206,2
1709522480.072176,1
1709522480.133869,1
1709522480.154686,1
1709522480.217515,0
1709522480.245381,1
1709522480.268711,1
1709522480.305454,0
1709522480.341305,2
1709522480.363226,1
1709522480.413294,3
1709522480.450696,1
1709522480.485437,1
1709522480.517132,1
1709522480.539994,2
1709522480.586504,1
1709522480.633406,1
1709522480.654042,1
1709522480.694567,1
1709522480.722281,1
1709522480.749485,1
1709522480.774513,1
1709522480.799310,1
1709522480.853690,2
1709522480.894831,2
1709522480.939893,0
1709522480.966469,2
1709522480.998189,2
1709522481.046360,0
1709522481.084820,2
1709522481.124420,2
1709522481.146910,2
1709522481.174185,2
1709522481.202234,1
1709522481.247755,2
1709522481.269659,2
1709522481.291938,2
1709522481.348652,3
1709522481.389869,3
1709522481.416866,3
1709522481.468582,2
1709522481.495294,2
1709522481.546086,1
1709522481.566898,2
1709522481.605046,2
1709522481.623552,2
1709522481.683094,1
1709522481.724243,0
1709522481.751553,1
1709522481.772488,1
1709522481.794401,1
1709522481.860271,1
1709522481.891895,1
1709522481.924996,3
1709522481.949468,3
1709522481.975202,2
1709522482.006233,2
1709522482.030796,2
1709522482.082901,1
1709522482.135920,3
1709522482.167222,4
1709522482.188286,3
1709522482.239522,4
1709522482.286007,3
1709522482.311888,3
1709522482.339400,3
1709522482.389813,2
1709522482.410745,1
1709522482.462835,2
1709522482.491493,1
1709522482.551476,2
1709522482.612314,3
1709522482.643788,2
1709522482.692004,3
1709522482.715916,3
1709522482.764775,3
1709522482.803189,4
1709522482.825326,3
1709522482.847679,3
1709522482.908970,3
1709522482.937672,3
1709522482.991151,3
1709522483.038687,3
1709522483.118891,4
1709522483.163569,2
1709522483.210943,3
1709522483.235996,3
1709522483.257688,4
1709522483.304752,3
1709522483.349243,3
1709522483.367415,4
1709522483.389552,3
1709522483.419101,3
1709522483.449705,3
1709522483.491940,3
1709522483.548249,4
1709522483.573653,2
1709522483.623726,0
1709522483.645568,3
1709522483.681347,2
1709522483.712036,1
1709522483.742690,1
1709522483.778112,1
1709522483.808368,1
1709522483.829837,2
1709522483.901303,3
1709522483.922071,2
1709522483.965786,2
1709522483.995468,1
1709522484.046816,1
1709522484.071980,2
1709522484.126220,2
1709522484.175875,2
1709522484.224561,3
1709522484.256588,2
1709522484.279080,2
1709522484.331660,2
1709522484.356665,2
1709522484.381147,2
1709522484.433923,0
1709522484.464486,1
1709522484.496836,2
1709522484.526455,2
1709522484.577155,3
1709522484.595519,3
1709522484.618634,3
1709522484.658536,2
1709522484.683499,4
1709522484.725529,3
1709522484.748583,2
1709522484.779671,3
1709522484.826061,2
1709522484.866878,1
1709522484.887113,1
1709522484.916705,1
1709522484.951702,1
1709522484.974009,1
1709522485.019420,2
1709522485.038971,2
1709522485.058623,3
1709522485.081263,3
1709522485.101358,2
1709522485.123276,2
1709522485.173200,1
1709522485.214716,1
1709522485.249848,1
1709522485.275142,1
1709522485.308786,2
1709522485.337695,1
1709522485.377437,4
1709522485.418164,1
1709522485.450482,4
1709522485.483256,4
1709522485.538900,3
1709522485.569928,5
1709522485.620083,5
1709522485.649498,3
1709522485.698041,4
1709522485.722619,4
1709522485.756301,6
1709522485.782781,4
1709522485.806849,4
1709522485.847855,3
1709522485.869757,5
1709522485.913085,4
1709522485.935569,4
1709522485.969793,5
1709522486.000722,3
1709522486.021589,3
1709522486.074280,3
1709522486.095932,3
1709522486.126349,3
1709522486.164544,0
1709522486.201953,1
1709522486.270301,1
1709522486.301287,2
1709522486.327060,2
1709522486.353903,2
1709522486.398058,2
1709522486.419761,2
1709522486.498832,2
1709522486.544757,3
1709522486.571299,2
1709522486.613006,3
1709522486.635996,3
1709522486.660019,3
1709522486.712133,1
1709522486.747931,1
1709522486.768880,1
1709522486.822835,1
1709522486.851286,2
1709522486.897870,1
1709522486.934478,2
1709522486.979891,2
1709522487.045002,2
1709522487.066355,2
1709522487.105746,2
1709522487.151087,4
1709522487.172935,3
1709522487.208997,3
1709522487.233342,3
1709522487.260258,3
1709522487.321377,2
1709522487.349468,2
1709522487.377605,2
1709522487.432328,3
1709522487.455113,4
1709522487.492034,4
1709522487.523064,4
1709522487.574656,4
1709522487.605927,2
1709522487.657704,3
1709522487.686014,3
1709522487.708969,2
1709522487.768402,2
1709522487.791355,3
1709522487.877945,3
1709522487.905403,2
1709522487.926738,2
1709522487.953516,2
1709522487.999323,1
1709522488.048753,2
1709522488.082285,2
1709522488.105234,2
1709522488.172572,2
1709522488.203655,2
1709522488.271029,3
1709522488.311979,3
1709522488.367532,1
1709522488.391994,1
1709522488.439731,2
1709522488.467152,3
1709522488.489402,2
1709522488.537837,2
1709522488.562928,2
1709522488.593356,2
1709522488.619766,2
1709522488.644710,2
1709522488.672011,2
1709522488.730633,2
1709522488.754333,2
1709522488.832350,1
1709522488.877226,1
1709522488.899329,1
1709522488.945938,2
1709522488.990026,2
1709522489.016888,2
1709522489.041368,3
1709522489.095685,2
1709522489.137829,3
1709522489.163247,3
1709522489.186618,3
1709522489.234415,3
1709522489.275663,1
1709522489.303645,1
1709522489.330715,1
1709522489.353063,1
1709522489.375464,1
1709522489.402886,2
1709522489.463894,1
1709522489.489539,2
1709522489.515305,2
1709522489.565342,2
1709522489.620399,1
1709522489.644031,1
1709522489.691802,1
1709522489.744623,1
1709522489.765306,1
1709522489.788672,1
1709522489.808522,2
1709522489.840940,2
1709522489.880243,1
1709522489.905366,2
1709522489.950885,2
1709522489.981799,2
1709522490.022823,2
1709522490.051038,2
1709522490.101249,3
1709522490.124334,2
1709522490.148959,2
1709522490.180219,2
1709522490.225666,4
1709522490.272339,3
1709522490.300327,5
1709522490.354366,4
1709522490.394197,4
1709522490.419396,3
1709522490.485884,4
1709522490.505312,3
1709522490.546142,4
1709522490.602527,4
1709522490.645117,5
1709522490.667038,4
1709522490.695244,4
1709522490.727138,4
1709522490.771489,4
1709522490.805019,5
1709522490.857757,3
1709522490.904160,3
1709522490.924848,5
1709522490.957968,3
1709522490.978934,3
1709522491.050287,1
1709522491.077687,1
1709522491.106104,1
1709522491.151748,2
1709522491.201117,3
1709522491.226748,3
1709522491.247509,2
1709522491.273409,3
1709522491.337706,2
1709522491.390286,2
1709522491.415939,2
1709522491.440424,2
1709522491.484795,1
1709522491.506411,1
1709522491.541378,2
1709522491.564200,3
1709522491.590219,2
1709522491.622321,2
1709522491.643876,2
1709522491.679009,2
1709522491.708583,1
1709522491.751388,1
1709522491.777167,3
1709522491.797696,1
1709522491.832048,1
1709522491.883154,2
1709522491.924263,3
1709522491.962507,2
1709522492.000257,1
1709522492.032371,2
1709522492.088418,2
1709522492.112922,4
1709522492.132387,3
1709522492.153990,3
1709522492.211120,2
1709522492.258128,3
1709522492.291640,2
1709522492.314743,3
1709522492.380390,2
1709522492.407521,2
1709522492.429093,2
1709522492.476705,1
1709522492.506583,1
1709522492.540193,1
1709522492.561359,1
1709522492.587791,1
1709522492.616614,1
1709522492.693328,1
1709522492.718963,2
1709522492.743949,2
1709522492.797060,2
1709522492.845170,2
1709522492.878733,3
1709522492.901088,3
1709522492.945996,2
1709522492.970352,2
1709522493.009650,1
1709522493.035589,2
1709522493.059187,2
1709522493.098414,2
1709522493.133007,3
1709522493.158527,2
1709522493.177238,2
1709522493.228882,0
1709522493.288246,1
1709522493.321968,3
1709522493.359825,1
1709522493.387513,1
1709522493.413425,1
1709522493.439605,1
1709522493.469430,3
1709522493.493864,2
1709522493.520620,2
1709522493.551150,3
1709522493.593401,2
1709522493.624425,2
1709522493.661457,2
1709522493.707108,2
1709522493.754949,3
1709522493.780636,3
1709522493.802568,3
1709522493.846771,3
1709522493.889754,2
1709522493.941000,3
1709522493.984027,4
1709522494.048918,2
1709522494.079472,2
1709522494.104215,3
1709522494.133716,1
1709522494.155547,2
1709522494.178606,3
1709522494.230088,3
1709522494.254410,3
1709522494.274623,3
1709522494.296619,3
1709522494.345894,4
1709522494.370664,4
1709522494.393095,3
1709522494.414151,3
1709522494.437216,3
1709522494.457614,3
1709522494.509744,5
1709522494.535641,4
1709522494.570154,4
1709522494.606409,5
1709522494.628325,5
1709522494.649115,4
1709522494.675135,5
1709522494.700544,4
1709522494.748432,4
1709522494.815729,5
1709522494.838019,4
1709522494.864418,4
1709522494.886153,4
1709522494.912497,4
1709522494.947740,3
1709522494.977188,3
1709522495.021277,4
1709522495.083592,4
1709522495.106503,3
1709522495.130748,4
1709522495.159429,3
1709522495.203048,1
1709522495.262788,1
1709522495.288887,3
1709522495.313605,2
1709522495.345317,2
1709522495.415441,3
1709522495.474494,1
1709522495.512631,2
1709522495.533075,3
1709522495.587613,0
1709522495.612302,1
1709522495.635454,2
1709522495.694688,1
1709522495.718737,3
1709522495.741229,2
1709522495.775841,2
1709522495.822074,1
1709522495.841206,1
1709522495.862019,1
1709522495.885461,1
1709522495.915881,1
1709522495.941205,1
1709522495.962708,1
1709522496.012987,2
1709522496.035104,2
1709522496.057997,2
1709522496.121098,0
1709522496.153058,1
1709522496.177720,1
1709522496.203968,1
1709522496.260681,1
1709522496.282638,2
1709522496.334020,2
1709522496.354415,2
1709522496.379300,3
1709522496.421143,3
1709522496.443292,2
1709522496.509278,1
1709522496.533612,1
1709522496.555280,1
1709522496.607804,0
1709522496.639507,2
1709522496.660729,2
1709522496.690954,2
1709522496.711407,2
1709522496.775909,2
1709522496.808852,3
1709522496.868833,2
1709522496.902021,2
1709522496.925942,3
1709522496.951887,2
1709522496.979033,2
1709522497.003336,2
1709522497.060622,1
1709522497.107186,2
1709522497.128751,2
1709522497.151863,3
1709522497.217012,1
1709522497.241935,1
1709522497.290128,1
1709522497.313037,1
1709522497.343415,1
1709522497.363397,1
1709522497.414491,0
1709522497.446774,1
1709522497.475506,1
1709522497.501399,1
1709522497.579179,2
1709522497.666322,2
1709522497.697140,3
1709522497.753750,2
1709522497.792788,1
1709522497.842634,1
1709522497.913979,1
1709522497.938409,1
1709522497.991839,2
1709522498.017349,2
1709522498.041150,2
1709522498.078880,2
1709522498.109007,2
1709522498.163183,1
1709522498.189901,2
1709522498.249393,3
1709522498.270486,2
1709522498.289460,2
1709522498.318669,2
1709522498.341048,2
1709522498.386373,1
1709522498.407673,1
1709522498.461274,1
1709522498.496430,2
1709522498.554690,1
1709522498.582445,1
1709522498.614549,1
1709522498.635531,1
1709522498.657654,1
1709522498.693457,1
1709522498.715691,1
1709522498.748570,1
1709522498.774879,1
1709522498.813450,1
1709522498.867054,1
1709522498.887997,1
1709522498.934370,2
1709522498.962754,2
1709522498.982683,3
1709522499.032878,1
1709522499.068998,1
1709522499.108767,1
1709522499.161120,3
1709522499.185336,3
1709522499.209782,3
1709522499.230758,3
1709522499.250411,3
1709522499.308435,3
1709522499.337930,3
1709522499.373129,4
1709522499.415866,2
1709522499.439593,4
1709522499.462054,3
1709522499.488787,4
1709522499.524791,3
1709522499.560658,0
1709522499.583261,1
1709522499.608445,1
1709522499.638837,0
1709522499.695958,1
1709522499.764305,1
1709522499.785243,2
1709522499.827649,1
1709522499.880439,0
1709522499.905064,2
1709522499.928280,2
1709522499.948180,2
1709522499.971045,2
1709522500.020872,2
1709522500.057470,2
1709522500.083912,3
1709522500.107165,2
1709522500.163840,2
1709522500.209450,2
1709522500.231880,2
1709522500.302454,2
1709522500.330577,3
1709522500.351402,2
1709522500.378255,2
1709522500.419154,2
1709522500.459407,1
1709522500.484925,1
1709522500.507036,1
1709522500.569474,2
1709522500.622092,2
1709522500.645913,2
1709522500.678461,2
1709522500.703319,2
1709522500.766521,1
1709522500.813603,1
1709522500.836795,2
1709522500.858091,2
1709522500.892683,2
1709522500.952581,2
1709522500.974685,2
1709522501.034610,2
1709522501.057122,2
1709522501.095859,2
1709522501.130142,3
1709522501.157393,2
1709522501.181661,2
1709522501.209295,1
1709522501.230569,2
1709522501.289016,1
1709522501.311602,2
1709522501.372067,2
1709522501.432682,3
1709522501.450124,3
1709522501.470674,3
1709522501.497653,5
1709522501.540826,3
1709522501.568019,3
1709522501.615234,3
1709522501.635982,3
1709522501.663697,4
1709522501.686466,4
1709522501.761595,3
1709522501.793282,3
1709522501.819703,1
1709522501.854688,3
1709522501.878534,3
1709522501.902845,3
1709522501.944484,2
1709522501.974054,2
1709522501.998468,2
1709522502.024994,2
1709522502.087719,2
1709522502.119459,2
1709522502.159043,2
1709522502.179317,2
1709522502.236082,2
1709522502.266595,3
1709522502.289405,3
1709522502.309200,3
1709522502.363769,2
1709522502.385107,2
1709522502.407709,2
1709522502.438188,2
1709522502.483076,4
1709522502.505928,3
1709522502.556274,6
1709522502.581581,4
1709522502.607041,4
1709522502.656825,5
1709522502.681448,4
1709522502.721755,5
1709522502.742052,5
1709522502.773853,5
1709522502.802238,5
1709522502.824260,6
1709522502.882304,5
1709522502.917175,6
1709522502.939991,6
1709522502.964331,6
1709522502.986922,7
1709522503.007010,6
1709522503.067207,4
1709522503.090755,6
1709522503.111934,5
1709522503.136960,4
1709522503.172543,6
1709522503.192511,4
1709522503.232999,4
1709522503.266132,4
1709522503.322753,3
1709522503.352131,3
1709522503.394201,1
1709522503.416535,1
1709522503.446899,1
1709522503.522014,1
1709522503.543380,2
1709522503.576510,2
1709522503.611688,1
1709522503.644008,2
1709522503.683889,2
1709522503.723551,0
1709522503.756208,1
1709522503.800814,2
1709522503.857748,1
1709522503.882239,1
1709522503.906362,2
1709522503.929610,1
1709522503.960694,2
1709522503.990969,3
1709522504.014365,3
1709522504.045958,4
1709522504.077937,4
1709522504.119116,1
1709522504.153381,1
1709522504.183182,2
1709522504.207642,1
1709522504.236622,1
1709522504.291879,1
1709522504.314487,1
1709522504.372907,3
1709522504.397343,2
1709522504.428180,1
1709522504.466089,1
1709522504.507563,1
1709522504.536796,2
1709522504.565498,1
1709522504.586491,1
1709522504.638318,2
1709522504.670864,2
1709522504.691132,2
1709522504.709708,2
1709522504.728179,2
1709522504.774400,3
1709522504.825360,3
1709522504.858989,2
1709522504.882747,2
1709522504.903220,2
1709522504.961088,2
1709522504.980308,2
1709522505.022455,2
1709522505.045504,1
1709522505.077944,1
1709522505.100740,1
1709522505.163684,2
1709522505.185595,1
1709522505.207228,0
1709522505.234056,1
1709522505.279541,1
1709522505.299844,1
1709522505.339320,2
1709522505.366245,1
1709522505.413296,0
1709522505.461554,4
1709522505.484107,2
1709522505.525047,2
1709522505.549761,1
1709522505.591282,1
1709522505.618633,1
1709522505.654318,1
1709522505.693406,1
1709522505.715970,1
1709522505.742517,1
1709522505.783863,0
1709522505.804354,1
1709522505.842288,1
1709522505.866648,1
1709522505.934578,2
1709522505.967172,3
1709522506.002995,1
1709522506.027426,2
1709522506.052694,1
1709522506.108132,2
1709522506.165564,1
1709522506.185164,1
1709522506.219138,1
1709522506.261276,1
1709522506.295229,2
1709522506.340053,2
1709522506.364962,2
1709522506.392787,2
1709522506.442867,3
1709522506.466464,1
1709522506.509596,1
1709522506.544596,3
1709522506.568703,2
1709522506.622101,2
1709522506.640670,2
1709522506.670730,2
1709522506.698257,2
1709522506.770618,2
1709522506.809597,2
1709522506.850492,3
1709522506.870784,1
1709522506.914381,3
1709522506.936874,3
1709522506.983847,3
1709522507.011249,3
1709522507.043572,3
1709522507.114371,3
1709522507.161428,3
1709522507.189248,2
1709522507.260875,2
1709522507.280141,2
1709522507.299285,2
1709522507.323694,2
1709522507.348925,2
1709522507.379149,2
1709522507.415924,2
1709522507.442387,1
1709522507.481872,3
1709522507.512528,2
1709522507.562950,2
1709522507.591342,3
1709522507.632849,1
1709522507.675323,1
1709522507.711963,1
1709522507.732779,1
1709522507.761650,1
1709522507.811258,1
1709522507.838487,1
1709522507.861544,1
1709522507.891943,1
1709522507.947679,2
1709522507.973647,2
1709522507.999896,2
1709522508.034832,2
1709522508.063121,2
1709522508.104671,2
1709522508.148609,1
1709522508.196947,2
1709522508.227683,1
1709522508.285949,0
1709522508.312768,1
1709522508.345606,1
1709522508.388965,2
1709522508.409377,2
1709522508.428700,2
1709522508.490991,2
1709522508.520332,2
1709522508.540513,2
1709522508.576090,3
1709522508.601844,3
1709522508.631186,3
1709522508.670785,0
1709522508.706777,2
1709522508.752695,2
1709522508.773258,1
1709522508.803982,0
1709522508.846647,2
1709522508.885460,2
1709522508.911713,3
1709522508.937174,2
1709522508.980505,3
1709522508.999052,4
1709522509.040802,4
1709522509.062683,4
1709522509.092928,4
1709522509.115642,4
1709522509.155111,5
1709522509.175178,4
1709522509.231110,4
1709522509.261630,4
1709522509.290846,3
1709522509.349791,3
1709522509.377963,2
1709522509.402863,2
1709522509.444948,2
1709522509.466760,2
1709522509.502688,2
1709522509.550381,1
1709522509.573275,2
1709522509.636564,3
1709522509.688927,2
1709522509.723517,2
1709522509.743252,2
1709522509.765188,2
1709522509.797796,2
1709522509.842870,2
1709522509.863254,3
1709522509.910703,2
1709522509.934460,2
1709522509.965170,4
1709522510.023167,3
1709522510.067504,1
1709522510.088275,1
1709522510.117321,1
1709522510.141119,1
1709522510.199633,2
1709522510.248687,2
1709522510.281542,2
1709522510.315634,2
1709522510.383127,1
1709522510.404214,2
1709522510.432388,2
1709522510.459271,2
1709522510.507328,1
1709522510.567212,1
1709522510.586793,2
1709522510.642190,3
1709522510.680325,1
1709522510.722640,1
1709522510.756928,1
1709522510.811381,1
1709522510.862893,1
1709522510.892847,1
1709522510.914309,2
1709522510.958052,0
1709522510.986779,2
1709522511.030306,0
1709522511.077545,1
1709522511.129696,1
1709522511.188350,2
1709522511.218929,1
1709522511.240237,1
1709522511.280227,1
1709522511.300836,0
1709522511.320847,1
1709522511.375972,1
1709522511.400862,1
1709522511.439195,1
1709522511.493887,2
1709522511.519004,2
1709522511.544903,2
1709522511.597858,2
1709522511.644154,2
1709522511.677176,3
1709522511.751338,2
1709522511.790512,3
1709522511.831771,2
1709522511.891406,3
1709522511.921390,2
1709522511.969862,2
1709522511.993733,1
1709522512.018659,1
1709522512.071535,1
1709522512.090454,1
1709522512.113471,2
1709522512.134484,3
1709522512.189527,1
1709522512.236543,3
1709522512.268562,2
1709522512.315571,2
1709522512.338685,3
1709522512.358457,2
1709522512.381022,2
1709522512.445830,1
1709522512.466308,1
1709522512.490474,1
1709522512.536191,2
1709522512.590048,0
1709522512.618318,1
1709522512.643353,1
1709522512.705555,2
1709522512.743771,3
1709522512.778975,3
1709522512.878694,3
1709522512.908745,3
1709522512.947008,3
1709522512.986137,2
1709522513.019659,2
1709522513.058599,2
1709522513.105255,3
1709522513.171933,2
1709522513.194423,2
1709522513.228183,2
1709522513.277380,1
1709522513.328910,1
1709522513.404874,2
1709522513.428446,2
1709522513.451331,2
1709522513.479462,2
1709522513.500784,2
1709522513.519742,2
1709522513.544814,2
1709522513.581211,2
1709522513.615147,2
1709522513.645941,2
1709522513.683511,2
1709522513.728598,3
1709522513.751611,3
1709522513.776424,3
1709522513.811056,2
1709522513.839350,3
1709522513.912609,5
1709522513.944138,5
1709522513.965996,4
1709522514.016213,4
1709522514.048634,5
1709522514.090008,3
1709522514.118746,3
1709522514.142299,3
1709522514.232941,1
1709522514.256116,2
1709522514.290474,2
1709522514.332967,1
1709522514.388474,2
1709522514.408000,2
1709522514.452046,1
1709522514.474767,1
1709522514.503249,1
1709522514.550084,2
1709522514.573508,2
1709522514.606778,2
1709522514.634904,2
1709522514.654673,2
1709522514.674669,1
1709522514.718287,2
1709522514.742839,3
1709522514.783605,3
1709522514.808424,3
1709522514.859531,3
1709522514.907959,3
1709522514.928893,3
1709522514.992759,3
1709522515.028375,4
1709522515.048271,3
1709522515.076981,3
1709522515.119580,3
1709522515.142028,3
1709522515.191137,3
1709522515.213415,3
1709522515.245207,4
1709522515.303750,1
1709522515.344087,3
1709522515.364075,3
1709522515.389103,3
1709522515.443733,3
1709522515.483472,2
1709522515.507107,3
1709522515.538889,5
1709522515.597064,2
1709522515.677146,2
1709522515.714359,1
1709522515.737288,2
1709522515.767505,2
1709522515.793600,2
1709522515.816002,2
1709522515.845870,2
1709522515.864429,2
1709522515.910311,2
1709522515.936293,2
1709522515.992579,1
1709522516.011997,1
1709522516.058510,2
1709522516.139422,2
1709522516.201802,1
1709522516.223126,1
1709522516.250128,1
1709522516.276809,1
1709522516.302598,0
1709522516.330732,0
1709522516.385045,2
1709522516.442472,2
1709522516.468595,2
1709522516.506962,2
1709522516.541314,1
1709522516.564660,1
1709522516.594926,1
1709522516.630245,3
1709522516.649091,2
1709522516.688822,2
1709522516.713398,2
1709522516.771035,1
1709522516.791445,1
1709522516.844991,3
1709522516.880703,3
1709522516.951190,4
1709522516.998681,4
1709522517.062294,4
1709522517.101077,4
1709522517.139009,3
1709522517.173243,3
1709522517.203237,4
1709522517.222157,3
1709522517.249537,3
1709522517.280783,3
1709522517.320673,4
1709522517.364053,4
1709522517.410101,3
1709522517.433092,4
1709522517.488921,4
1709522517.518698,4
1709522517.570575,2
1709522517.592184,3
1709522517.613278,3
1709522517.632939,4
1709522517.651733,3
1709522517.706032,3
1709522517.729009,3
1709522517.777377,3
1709522517.801462,4
1709522517.849331,4
1709522517.902376,3
1709522517.981447,2
1709522518.007790,2
1709522518.030615,2
1709522518.063576,2
1709522518.141857,1
1709522518.162783,1
1709522518.183130,1
1709522518.211022,1
1709522518.266618,1
1709522518.327524,1
1709522518.352000,1
1709522518.377218,1
1709522518.398640,1
1709522518.428832,1
1709522518.454759,1
1709522518.475189,1
1709522518.527377,1
1709522518.584296,2
1709522518.612711,2
1709522518.661714,1
1709522518.716219,1
1709522518.740655,0
1709522518.764047,0
1709522518.814120,2
1709522518.860409,3
1709522518.883813,3
1709522518.907866,4
1709522518.928439,3
1709522518.970362,3
1709522519.014332,3
1709522519.057819,4
1709522519.095891,4
1709522519.150058,5
1709522519.176329,4
1709522519.222096,4
1709522519.245662,2
1709522519.271103,2
1709522519.324661,3
1709522519.344259,2
1709522519.401979,2
1709522519.427134,3
1709522519.460052,3
1709522519.480172,3
1709522519.514874,4
1709522519.559658,3
1709522519.578263,3
1709522519.610610,4
1709522519.668906,3
1709522519.691124,3
1709522519.736344,3
1709522519.771846,3
1709522519.793426,3
1709522519.832634,4
1709522519.862351,1
1709522519.899412,1
1709522519.944331,2
1709522519.965056,2
1709522520.014413,2
1709522520.040499,1
1709522520.101843,1
1709522520.127787,0
1709522520.176019,1
1709522520.199156,1
1709522520.294274,1
1709522520.319944,2
1709522520.384007,2
1709522520.414805,3
1709522520.470729,1
1709522520.492830,1
1709522520.544514,1
1709522520.567329,1
1709522520.601765,1
1709522520.661473,2
1709522520.699653,2
1709522520.730935,2
1709522520.754571,3
1709522520.805807,0
1709522520.851225,0
1709522520.872523,1
1709522520.895425,1
1709522520.942229,2
1709522521.001595,2
1709522521.022281,2
1709522521.062575,2
1709522521.115814,2
1709522521.147563,3
1709522521.171648,2
1709522521.211981,2
1709522521.241541,2
1709522521.288134,2
1709522521.340406,2
1709522521.372555,2
1709522521.421593,1
1709522521.476229,2
1709522521.496058,3
1709522521.521023,4
1709522521.585079,3
1709522521.615602,4
1709522521.639714,3
1709522521.688251,3
1709522521.732396,3
1709522521.760339,3
1709522521.811604,3
1709522521.858228,2
1709522521.885751,2
1709522521.930170,2
1709522521.954985,2
1709522522.006392,2
1709522522.028116,2
1709522522.050788,2
1709522522.101358,1
1709522522.126085,1
1709522522.176498,2
1709522522.207817,1
1709522522.238259,2
1709522522.269777,3
1709522522.316667,1
1709522522.339345,1
1709522522.368942,1
1709522522.418706,1
1709522522.456811,1
1709522522.484940,1
1709522522.504455,1
1709522522.569628,1
1709522522.604028,1
1709522522.632524,1
1709522522.692258,1
1709522522.716106,2
1709522522.737958,2
1709522522.763414,2
1709522522.807159,1
1709522522.837215,1
1709522522.870600,2
1709522522.899361,3
1709522522.965574,1
1709522523.057400,4
1709522523.082234,5
1709522523.110802,4
1709522523.133895,4
1709522523.156194,5
1709522523.176708,4
1709522523.197480,4
1709522523.243242,3
1709522523.283236,4
1709522523.307181,2
1709522523.371509,2
1709522523.399944,3
1709522523.421446,2
1709522523.444919,3
1709522523.498266,2
1709522523.527546,3
1709522523.556146,3
1709522523.582786,2
1709522523.607810,3
1709522523.663737,1
1709522523.688375,1
1709522523.720783,1
1709522523.742646,1
1709522523.766048,1
1709522523.826237,1
1709522523.868530,1
1709522523.890191,1
1709522523.944355,1
1709522523.971690,1
1709522524.016444,2
1709522524.055303,2
1709522524.075742,2
1709522524.123859,3
1709522524.150899,4
1709522524.190082,2
1709522524.232206,2
1709522524.252935,3
1709522524.300999,3
1709522524.337771,2
1709522524.393357,2
1709522524.433086,2
1709522524.490628,2
1709522524.519088,2
1709522524.564954,2
1709522524.589550,2
1709522524.607272,2
1709522524.630894,2
1709522524.665016,2
1709522524.683705,2
1709522524.706861,2
1709522524.758796,2
1709522524.817191,2
1709522524.878488,0
1709522524.940172,0
1709522524.960618,0
1709522525.009522,0
1709522525.031996,0
1709522525.057281,0
1709522525.079756,0
1709522525.136204,0
1709522525.164415,0
1709522525.211205,0
1709522525.271259,0
1709522525.299821,0
1709522525.337174,0
1709522525.360946,0
1709522525.401454,0
1709522525.435194,0
1709522525.496592,0
1709522525.527504,0
1709522525.565152,0
1709522525.616017,0
1709522525.636564,0
1709522525.668559,0
1709522525.691426,0
1709522525.732850,0
1709522525.776572,0
1709522525.800491,0
1709522525.820005,0
1709522525.842875,0
1709522525.883515,0
1709522525.908730,0
1709522525.935078,0
1709522525.955515,0
1709522525.978994,0
1709522526.026808,0
1709522526.049230,0
1709522526.075328,0
1709522526.094894,0
1709522526.138556,0
1709522526.166456,0
1709522526.192472,0
1709522526.225708,0
1709522526.286021,0
1709522526.306107,0
1709522526.336986,0
1709522526.361116,0
1709522526.398685,0
1709522526.423008,0
1709522526.445858,0
1709522526.490318,0
1709522526.546497,0
1709522526.572460,0
1709522526.593680,0
1709522526.637645,0
1709522526.666924,0
1709522526.717245,0
1709522526.738591,0
1709522526.769627,0
1709522526.809159,0
1709522526.840468,0
1709522526.878712,0
1709522526.911694,0
1709522526.939209,0
1709522526.964717,0
1709522526.998679,0
1709522527.022131,0
1709522527.048213,0
1709522527.069206,0
1709522527.123390,0
1709522527.146738,0
1709522527.172256,0
1709522527.209978,0
1709522527.243743,0
1709522527.268284,0
1709522527.296609,0
