1709521721.944334,0
1709521722.041821,1
1709521722.072589,1
1709521722.136737,0
1709521722.182538,1
1709521722.242932,2
1709521722.267513,1
1709521722.290494,1
1709521722.347791,4
1709521722.419122,2
1709521722.445836,3
1709521722.472613,2
1709521722.500832,2
1709521722.561804,3
1709521722.628548,1
1709521722.695154,3
1709521722.728152,1
1709521722.758695,2
1709521722.792799,1
1709521722.883619,3
1709521722.907508,2
1709521722.933453,2
1709521722.958397,2
1709521722.996109,2
1709521723.025106,2
1709521723.066731,2
1709521723.100100,2
1709521723.125158,3
1709521723.157241,3
1709521723.183095,4
1709521723.212195,3
1709521723.241323,4
1709521723.284770,3
1709521723.324286,3
1709521723.347739,3
1709521723.376063,2
1709521723.415503,1
1709521723.502139,1
1709521723.530394,1
1709521723.621490,2
1709521723.645755,2
1709521723.689934,1
1709521723.731378,1
1709521723.803083,1
1709521723.836478,2
1709521723.922494,2
1709521723.993990,2
1709521724.032039,4
1709521724.078240,4
1709521724.115968,4
1709521724.180461,2
1709521724.221255,3
1709521724.258128,3
1709521724.282944,2
1709521724.310535,2
1709521724.393548,2
1709521724.417707,2
1709521724.444720,2
1709521724.468354,2
1709521724.511263,3
1709521724.588128,2
1709521724.617169,1
1709521724.645339,1
1709521724.674350,1
1709521724.700557,1
1709521724.750589,2
1709521724.785721,1
1709521724.874637,2
1709521724.903092,3
1709521724.925997,2
1709521724.955546,2
1709521725.028756,4
1709521725.071948,3
1709521725.132094,1
1709521725.160417,3
1709521725.188601,0
1709521725.245430,1
1709521725.272931,3
1709521725.298878,4
1709521725.324947,4
1709521725.352181,3
1709521725.391935,3
1709521725.428029,3
1709521725.452173,3
1709521725.519148,2
1709521725.563939,1
1709521725.604009,2
1709521725.628535,1
1709521725.686090,3
1709521725.743164,2
1709521725.796657,4
1709521725.825071,5
1709521725.851547,5
1709521725.923528,3
1709521725.949748,3
1709521725.975370,4
1709521726.004439,4
1709521726.027550,1
1709521726.072567,3
1709521726.106404,2
1709521726.142394,2
1709521726.238914,4
1709521726.266021,2
1709521726.301864,1
1709521726.336323,1
1709521726.395842,1
1709521726.432038,1
1709521726.462016,2
1709521726.516519,2
1709521726.542426,2
1709521726.567457,2
1709521726.597840,1
1709521726.637986,1
1709521726.671951,1
1709521726.692973,1
1709521726.712748,1
1709521726.738621,1
1709521726.766915,1
1709521726.789010,1
1709521726.814543,2
1709521726.850087,2
1709521726.873641,2
1709521726.897683,0
1709521726.941225,1
1709521726.967973,0
1709521726.997380,1
1709521727.035894,2
1709521727.086065,2
1709521727.115256,1
1709521727.137321,1
1709521727.168458,1
1709521727.195860,1
1709521727.253995,1
1709521727.278677,1
1709521727.323228,1
1709521727.349562,1
1709521727.415890,0
1709521727.461633,3
1709521727.499349,2
1709521727.525835,1
1709521727.558050,2
1709521727.615222,4
1709521727.646974,3
1709521727.691641,2
1709521727.713724,2
1709521727.736910,2
1709521727.776564,2
1709521727.798689,2
1709521727.841988,1
1709521727.864865,1
1709521727.893395,1
1709521727.927958,0
1709521727.950463,1
1709521727.978382,1
1709521728.001959,1
1709521728.081809,1
1709521728.122117,1
1709521728.144784,1
1709521728.165449,1
1709521728.188429,1
1709521728.239408,1
1709521728.286425,2
1709521728.317155,2
1709521728.379425,3
1709521728.419797,1
1709521728.437146,2
1709521728.457438,1
1709521728.501735,1
1709521728.525574,2
1709521728.545825,1
1709521728.568743,1
1709521728.603998,1
1709521728.626720,1
1709521728.683359,1
1709521728.707563,1
1709521728.729514,1
1709521728.761098,1
1709521728.821162,3
1709521728.845678,3
1709521728.868716,3
1709521728.888202,3
1709521728.908854,3
1709521728.945648,3
1709521728.992656,3
1709521729.015296,2
1709521729.079483,1
1709521729.114795,1
1709521729.135455,2
1709521729.176941,1
1709521729.205488,1
1709521729.228800,1
1709521729.291591,1
1709521729.319821,1
1709521729.361693,2
1709521729.387243,2
1709521729.407334,2
1709521729.453437,4
1709521729.475585,5
1709521729.494150,3
1709521729.521406,3
1709521729.560491,1
1709521729.610245,1
1709521729.643418,1
1709521729.662567,1
1709521729.689053,1
1709521729.707467,1
1709521729.728806,1
1709521729.748516,1
1709521729.774817,1
1709521729.812838,2
1709521729.835064,2
1709521729.862306,2
1709521729.885555,1
1709521729.912615,3
1709521729.951483,2
1709521729.974176,3
1709521730.001109,2
1709521730.039717,2
1709521730.064222,3
1709521730.091020,2
1709521730.113605,3
1709521730.143275,3
1709521730.167401,3
1709521730.219489,4
1709521730.249485,3
1709521730.269430,2
1709521730.312982,2
1709521730.361184,0
1709521730.400743,0
1709521730.424659,1
1709521730.470348,1
1709521730.521628,1
1709521730.546805,1
1709521730.577805,1
1709521730.597143,1
1709521730.656194,1
1709521730.689315,1
1709521730.711443,1
1709521730.734750,1
1709521730.759350,1
1709521730.802437,1
1709521730.822947,1
1709521730.892258,2
1709521730.946909,3
1709521730.973894,2
1709521731.010578,2
1709521731.042163,3
1709521731.065280,2
1709521731.085816,2
1709521731.104722,3
1709521731.156442,2
1709521731.186766,2
1709521731.209571,3
1709521731.254576,2
1709521731.280402,1
1709521731.353478,1
1709521731.379425,0
1709521731.411102,1
1709521731.488058,1
1709521731.511216,1
1709521731.549055,1
1709521731.583702,1
1709521731.626112,3
1709521731.685389,1
1709521731.724777,2
1709521731.747040,2
1709521731.785132,2
1709521731.811295,2
1709521731.850010,2
1709521731.897021,3
1709521731.925682,3
1709521731.953054,3
1709521731.993052,4
1709521732.012836,3
1709521732.036161,4
1709521732.073006,3
1709521732.094317,3
1709521732.140631,2
1709521732.170657,2
1709521732.195501,2
1709521732.233316,1
1709521732.276349,1
1709521732.315257,4
1709521732.351674,2
1709521732.377418,2
1709521732.430382,3
1709521732.456508,2
1709521732.514795,1
1709521732.537601,1
1709521732.571594,1
1709521732.625057,1
1709521732.656979,1
1709521732.678648,1
1709521732.712766,1
1709521732.761538,2
1709521732.788261,2
1709521732.811258,2
1709521732.837515,3
1709521732.865099,4
1709521732.909582,3
1709521732.966227,2
1709521732.993143,2
1709521733.027813,2
1709521733.078174,1
1709521733.102449,1
1709521733.127321,2
1709521733.171167,1
1709521733.200222,1
1709521733.222743,1
1709521733.275827,1
1709521733.337917,1
1709521733.373219,3
1709521733.404154,2
1709521733.444474,1
1709521733.506562,3
1709521733.532884,2
1709521733.555218,2
1709521733.593768,1
1709521733.640869,3
1709521733.672746,2
1709521733.730279,1
1709521733.770768,2
1709521733.811054,2
1709521733.851796,2
1709521733.905667,2
1709521733.929801,2
1709521733.950445,3
1709521733.980226,2
1709521734.002377,3
1709521734.056634,2
1709521734.077868,3
1709521734.110627,2
1709521734.165940,2
1709521734.197479,2
1709521734.219012,3
1709521734.247209,1
1709521734.303648,0
1709521734.349156,0
1709521734.376760,1
1709521734.399616,1
1709521734.420636,1
1709521734.445292,1
1709521734.524051,3
1709521734.546281,2
1709521734.590081,2
1709521734.619763,1
1709521734.679176,1
1709521734.700493,1
1709521734.725520,1
1709521734.776032,1
1709521734.798462,1
1709521734.829973,1
1709521734.881564,2
1709521734.909914,2
1709521734.956418,2
1709521734.989569,2
1709521735.054383,1
1709521735.074346,1
1709521735.099236,1
1709521735.139902,2
1709521735.161225,2
1709521735.191904,2
1709521735.239061,2
1709521735.263856,3
1709521735.313519,2
1709521735.333073,2
1709521735.358388,2
1709521735.379472,2
1709521735.404562,2
1709521735.442696,3
1709521735.468511,3
1709521735.509408,4
1709521735.537993,3
1709521735.559775,4
1709521735.588018,3
1709521735.647487,3
1709521735.698608,2
1709521735.723230,3
1709521735.758597,2
1709521735.782261,2
1709521735.805118,2
1709521735.864848,2
1709521735.895696,2
1709521735.954426,2
1709521735.979150,1
1709521736.000100,1
1709521736.048629,2
1709521736.077342,1
1709521736.098377,1
1709521736.121313,1
1709521736.145522,1
1709521736.175528,1
1709521736.240238,2
1709521736.282492,3
1709521736.308184,2
1709521736.331700,4
1709521736.397887,2
1709521736.440467,2
1709521736.485159,2
1709521736.519036,2
1709521736.557887,1
1709521736.588961,2
1709521736.608914,1
1709521736.677057,1
1709521736.698335,1
1709521736.731267,1
1709521736.786254,1
1709521736.836073,1
1709521736.855839,2
1709521736.891042,2
1709521736.932791,2
1709521736.973030,2
1709521737.014957,2
1709521737.038407,2
1709521737.066047,2
1709521737.101875,1
1709521737.122992,1
1709521737.169732,1
1709521737.215807,2
1709521737.243192,2
1709521737.275163,2
1709521737.297284,1
1709521737.316683,1
1709521737.337684,1
1709521737.358020,1
1709521737.404589,1
1709521737.437240,2
1709521737.463594,4
1709521737.526447,2
1709521737.565108,1
1709521737.590711,1
1709521737.641152,1
1709521737.670867,2
1709521737.695894,3
1709521737.719833,2
1709521737.766678,2
1709521737.797550,2
1709521737.845681,2
1709521737.874219,2
1709521737.898048,2
1709521737.952568,2
1709521738.012421,2
1709521738.032724,3
1709521738.089359,3
1709521738.111226,3
1709521738.131557,3
1709521738.157777,3
1709521738.207407,1
1709521738.227850,1
1709521738.280700,0
1709521738.303512,1
1709521738.328393,1
1709521738.349532,1
1709521738.400475,1
1709521738.430162,1
1709521738.470628,1
1709521738.530969,2
1709521738.563107,2
1709521738.593131,2
1709521738.649277,2
1709521738.699969,2
1709521738.724821,3
1709521738.747576,2
1709521738.780577,3
1709521738.816159,3
1709521738.859899,3
1709521738.906179,4
1709521738.939373,2
1709521738.957139,2
1709521738.981713,2
1709521739.015851,2
1709521739.068958,2
1709521739.137152,1
1709521739.161180,1
1709521739.208462,1
1709521739.238068,1
1709521739.290830,1
1709521739.347053,0
1709521739.394499,2
1709521739.435988,2
1709521739.473684,2
1709521739.495754,3
1709521739.531217,3
1709521739.555543,3
1709521739.579748,2
1709521739.625361,3
1709521739.647592,3
1709521739.693321,2
1709521739.717408,2
1709521739.746697,2
1709521739.783540,2
1709521739.805077,2
1709521739.828115,2
1709521739.853743,1
1709521739.873945,1
1709521739.895514,1
1709521739.958415,2
1709521739.978736,3
1709521740.015028,3
1709521740.064383,3
1709521740.098829,2
1709521740.154083,1
1709521740.176852,3
1709521740.205029,2
1709521740.233697,2
1709521740.277825,2
1709521740.302138,2
1709521740.329416,2
1709521740.378693,3
1709521740.433342,1
1709521740.455107,1
1709521740.512449,2
1709521740.533051,1
1709521740.573595,1
1709521740.600105,1
1709521740.665005,0
1709521740.686947,1
1709521740.724245,1
1709521740.772517,1
1709521740.802894,1
1709521740.826528,1
1709521740.853230,1
1709521740.895113,2
1709521740.933648,2
1709521740.965460,2
1709521741.018434,1
1709521741.044899,3
1709521741.065261,2
1709521741.086934,2
1709521741.114293,2
1709521741.161766,2
1709521741.184814,2
1709521741.218374,3
1709521741.249739,2
1709521741.271817,2
1709521741.293018,2
1709521741.315088,3
1709521741.340767,3
1709521741.421090,4
1709521741.451760,4
1709521741.497441,3
1709521741.523293,4
1709521741.549232,4
1709521741.598246,5
1709521741.627837,4
1709521741.654856,4
1709521741.711581,4
1709521741.755306,4
1709521741.785491,5
1709521741.812161,4
1709521741.883071,4
1709521741.923175,5
1709521741.956140,4
1709521741.981037,4
1709521742.025267,4
1709521742.051496,4
1709521742.073102,4
1709521742.127985,2
1709521742.156972,4
1709521742.195989,3
1709521742.233240,1
1709521742.269706,3
1709521742.304679,3
1709521742.343867,2
1709521742.366151,2
1709521742.395347,2
1709521742.438465,1
1709521742.476984,2
1709521742.505203,2
1709521742.594439,1
1709521742.616020,1
1709521742.639447,1
1709521742.696193,1
1709521742.732678,1
1709521742.755146,1
1709521742.806975,0
1709521742.848493,1
1709521742.876902,1
1709521742.912154,1
1709521742.934311,2
1709521742.956189,1
1709521742.977131,1
1709521743.005016,1
1709521743.043908,3
1709521743.069169,3
1709521743.091584,3
1709521743.137564,1
1709521743.162081,2
1709521743.182582,2
1709521743.236207,2
1709521743.258831,2
1709521743.289315,2
1709521743.319808,3
1709521743.368719,2
1709521743.388712,2
1709521743.421904,2
1709521743.460272,2
1709521743.504511,3
1709521743.528698,2
1709521743.578816,1
1709521743.624967,1
1709521743.647005,1
1709521743.668700,1
1709521743.692147,1
1709521743.743973,1
1709521743.761483,1
1709521743.805399,1
1709521743.825088,1
1709521743.858501,3
1709521743.881005,2
1709521743.907229,2
1709521743.952534,2
1709521743.975154,2
1709521743.999382,2
1709521744.020290,2
1709521744.052552,1
1709521744.073008,1
1709521744.097364,1
1709521744.117541,1
1709521744.147635,1
1709521744.173688,3
1709521744.227588,1
1709521744.298289,2
1709521744.320266,3
1709521744.357619,2
1709521744.393697,1
1709521744.435241,1
1709521744.456960,1
1709521744.498921,1
1709521744.529114,1
1709521744.572270,0
1709521744.593561,0
1709521744.640030,1
1709521744.663605,1
1709521744.684242,1
1709521744.749901,1
1709521744.800881,1
1709521744.827524,1
1709521744.869834,2
1709521744.922517,2
1709521744.953091,2
1709521744.982295,2
1709521745.002716,1
1709521745.036124,1
1709521745.059247,1
1709521745.106097,2
1709521745.131004,2
1709521745.159691,3
1709521745.209647,1
1709521745.248414,1
1709521745.277641,1
1709521745.334730,1
1709521745.389178,2
1709521745.413207,2
1709521745.444356,2
1709521745.475203,3
1709521745.517832,1
1709521745.568737,4
1709521745.590867,3
1709521745.614613,3
1709521745.649523,3
1709521745.701446,2
1709521745.751103,3
1709521745.777254,1
1709521745.797325,1
1709521745.815969,1
1709521745.846422,1
1709521745.889140,1
1709521745.932137,1
1709521745.981698,1
1709521746.003510,1
1709521746.032395,3
1709521746.064447,1
1709521746.084354,1
1709521746.130423,1
1709521746.164504,1
1709521746.221099,3
1709521746.256790,4
1709521746.309222,3
1709521746.344321,2
1709521746.372777,2
1709521746.396142,2
1709521746.416816,1
1709521746.460236,1
1709521746.500679,2
1709521746.532488,2
1709521746.555080,2
1709521746.608706,2
1709521746.632221,2
1709521746.655449,2
1709521746.699874,0
1709521746.737893,1
1709521746.762567,1
1709521746.862820,2
1709521746.886376,3
1709521746.908229,2
1709521746.963807,2
1709521746.983775,2
1709521747.012969,2
1709521747.044993,1
1709521747.069358,2
1709521747.089538,1
1709521747.122751,1
1709521747.162313,1
1709521747.207741,1
1709521747.267915,0
1709521747.299972,2
1709521747.327491,2
1709521747.353071,2
1709521747.394099,2
1709521747.435696,1
1709521747.455644,3
1709521747.475123,3
1709521747.508296,4
1709521747.583097,3
1709521747.628110,3
1709521747.673390,3
1709521747.697592,3
1709521747.722400,3
1709521747.762986,5
1709521747.803335,3
1709521747.848419,3
1709521747.879666,2
1709521747.901107,2
1709521747.932643,2
1709521747.992897,2
1709521748.023102,2
1709521748.046329,2
1709521748.070265,2
1709521748.112864,2
1709521748.133172,3
1709521748.177210,3
1709521748.196826,3
1709521748.233512,3
1709521748.254767,3
1709521748.292454,2
1709521748.318440,2
1709521748.341246,2
1709521748.403147,2
1709521748.429050,2
1709521748.454337,2
1709521748.489991,1
1709521748.547493,1
1709521748.571949,2
1709521748.604998,2
1709521748.646638,2
1709521748.680281,2
1709521748.702005,2
1709521748.753108,4
1709521748.775994,3
1709521748.799260,3
1709521748.834861,4
1709521748.878407,3
1709521748.915378,4
1709521748.945298,4
1709521748.966361,4
1709521748.993754,4
1709521749.027280,4
1709521749.057323,4
1709521749.078062,3
1709521749.143476,4
1709521749.172489,3
1709521749.223905,3
1709521749.245200,5
1709521749.268124,3
1709521749.293198,3
1709521749.354609,4
1709521749.375242,4
1709521749.408897,4
1709521749.431096,5
1709521749.454237,5
1709521749.483011,5
1709521749.505515,6
1709521749.550961,5
1709521749.584132,5
1709521749.604523,6
1709521749.643742,5
1709521749.685736,6
1709521749.727481,5
1709521749.760400,5
1709521749.784489,5
1709521749.836105,4
1709521749.857432,4
1709521749.900472,4
1709521749.952485,5
1709521749.971821,4
1709521749.996996,4
1709521750.044744,4
1709521750.108175,5
1709521750.143789,5
1709521750.194326,5
1709521750.223337,4
1709521750.244141,5
1709521750.266908,4
1709521750.320996,3
1709521750.340733,3
1709521750.360339,3
1709521750.383987,4
1709521750.417850,3
1709521750.439652,3
1709521750.500576,2
1709521750.535021,2
1709521750.573317,2
1709521750.600650,2
1709521750.650203,2
1709521750.676472,1
1709521750.722425,2
1709521750.741719,2
1709521750.765090,2
1709521750.809054,2
1709521750.831022,2
1709521750.884262,1
1709521750.927677,1
1709521750.959482,1
1709521750.977892,1
1709521751.016361,0
1709521751.056093,1
1709521751.078980,4
1709521751.105178,3
1709521751.152637,4
1709521751.173002,3
1709521751.193197,3
1709521751.226127,3
1709521751.248755,4
1709521751.288835,3
1709521751.327947,2
1709521751.353699,2
1709521751.377111,2
1709521751.410159,2
1709521751.434922,2
1709521751.459972,2
1709521751.480878,2
1709521751.539004,1
1709521751.568588,1
1709521751.611603,1
1709521751.636633,4
1709521751.691068,3
1709521751.723221,3
1709521751.744259,3
1709521751.774029,4
1709521751.810904,3
1709521751.831805,4
1709521751.855192,3
1709521751.884493,3
1709521751.928394,4
1709521751.980442,5
1709521752.003095,5
1709521752.030588,5
1709521752.061621,5
1709521752.140590,6
1709521752.163226,6
1709521752.223544,6
1709521752.259692,5
1709521752.285374,6
1709521752.339821,4
1709521752.364016,5
1709521752.394727,4
1709521752.421448,4
1709521752.467354,4
1709521752.518911,4
1709521752.551681,3
1709521752.608725,3
1709521752.629278,3
1709521752.668082,3
1709521752.698292,3
1709521752.719694,4
1709521752.770888,4
1709521752.797183,5
1709521752.822235,3
1709521752.854739,4
1709521752.894082,3
1709521752.931481,4
1709521752.961695,4
1709521753.012211,3
1709521753.036401,3
1709521753.061030,3
1709521753.109489,4
1709521753.131492,4
1709521753.169695,3
1709521753.213056,4
1709521753.235983,3
1709521753.260345,4
1709521753.280558,4
1709521753.315312,3
1709521753.342456,3
1709521753.388146,3
1709521753.414985,3
1709521753.435804,3
1709521753.482798,3
1709521753.525273,3
1709521753.545088,4
1709521753.574837,3
1709521753.640823,5
1709521753.661410,4
1709521753.739129,3
1709521753.786783,3
1709521753.812700,3
1709521753.863717,3
1709521753.896304,3
1709521753.951685,2
1709521753.987852,4
1709521754.012381,3
1709521754.059777,1
1709521754.090950,2
1709521754.123119,1
1709521754.156321,2
1709521754.184740,3
1709521754.209070,2
1709521754.230421,2
1709521754.305777,2
1709521754.347197,2
1709521754.369389,3
1709521754.395744,3
1709521754.455087,3
1709521754.509566,2
1709521754.558916,2
1709521754.590702,2
1709521754.699068,2
1709521754.720825,2
1709521754.750631,2
1709521754.777109,2
1709521754.805293,2
1709521754.846632,3
1709521754.873457,3
1709521754.898648,3
1709521754.932960,3
1709521754.951610,2
1709521755.056600,3
1709521755.078253,3
1709521755.124227,4
1709521755.150771,3
1709521755.180769,3
1709521755.270579,3
1709521755.305620,3
1709521755.350106,3
1709521755.374651,2
1709521755.400839,2
1709521755.434640,2
1709521755.491265,1
1709521755.524942,1
1709521755.547702,1
1709521755.583353,1
1709521755.617905,1
1709521755.648545,1
1709521755.670004,1
1709521755.692901,1
1709521755.713104,1
1709521755.738331,1
1709521755.761851,1
1709521755.781964,1
1709521755.851687,1
1709521755.871722,1
1709521755.907389,2
1709521755.928261,1
1709521755.952181,1
1709521756.001318,1
1709521756.034464,1
1709521756.060564,2
1709521756.104444,2
1709521756.126055,2
1709521756.159818,2
1709521756.209009,1
1709521756.232004,1
1709521756.270604,2
1709521756.294495,1
1709521756.321320,1
1709521756.368559,1
1709521756.392972,1
1709521756.420224,1
1709521756.440378,1
1709521756.461804,1
1709521756.489386,1
1709521756.547200,1
1709521756.596364,1
1709521756.634267,1
1709521756.689932,0
1709521756.721412,2
1709521756.745651,1
1709521756.802464,2
1709521756.828977,3
1709521756.854814,2
1709521756.876607,1
1709521756.898515,1
1709521756.925652,1
1709521756.959086,1
1709521757.004224,1
1709521757.025818,2
1709521757.063321,1
1709521757.087879,1
1709521757.137952,1
1709521757.160929,2
1709521757.211186,1
1709521757.242061,1
1709521757.265283,1
1709521757.326551,1
1709521757.350774,0
1709521757.396266,1
1709521757.423713,1
1709521757.443262,1
1709521757.462986,1
1709521757.500515,2
1709521757.557240,2
1709521757.581546,2
1709521757.619374,2
1709521757.641320,2
1709521757.663517,2
1709521757.697330,3
1709521757.724908,3
1709521757.761365,1
1709521757.786925,2
1709521757.807233,3
1709521757.832506,2
1709521757.856081,2
1709521757.922917,2
1709521757.954594,2
1709521757.994185,2
1709521758.013868,2
1709521758.040479,2
1709521758.071292,2
1709521758.120727,2
1709521758.169192,3
1709521758.204609,3
1709521758.258076,3
1709521758.293781,2
1709521758.319551,2
1709521758.340508,2
1709521758.382028,1
1709521758.402464,1
1709521758.426379,1
1709521758.484352,1
1709521758.513675,1
1709521758.542938,1
1709521758.564820,1
1709521758.594261,1
1709521758.635280,1
1709521758.668092,2
1709521758.695919,2
1709521758.728840,1
1709521758.793065,1
1709521758.831312,1
1709521758.875934,1
1709521758.901415,1
1709521758.922189,1
1709521758.982245,2
1709521759.007453,2
1709521759.027881,2
1709521759.067567,2
1709521759.102296,2
1709521759.136250,2
1709521759.221438,2
1709521759.248228,1
1709521759.274230,1
1709521759.335594,3
1709521759.357297,3
1709521759.394316,5
1709521759.426670,5
1709521759.462418,4
1709521759.509517,4
1709521759.532827,3
1709521759.554842,5
1709521759.605623,4
1709521759.669033,5
1709521759.697367,4
1709521759.723193,4
1709521759.754786,4
1709521759.794695,4
1709521759.862021,4
1709521759.888411,4
1709521759.966682,4
1709521759.989011,5
1709521760.066551,4
1709521760.087638,5
1709521760.116225,5
1709521760.144906,6
1709521760.212718,4
1709521760.235192,4
1709521760.260708,4
1709521760.285244,4
1709521760.310449,3
1709521760.373200,4
1709521760.393429,4
1709521760.416720,3
1709521760.443125,3
1709521760.468790,4
1709521760.489918,5
1709521760.544891,2
1709521760.590870,3
1709521760.615358,3
1709521760.658074,4
1709521760.681442,4
1709521760.737028,3
1709521760.769009,2
1709521760.816465,2
1709521760.842729,3
1709521760.876474,2
1709521760.904688,2
1709521760.946051,2
1709521760.973034,2
1709521761.035241,4
1709521761.067126,3
1709521761.097868,4
1709521761.118769,4
1709521761.165103,4
1709521761.208601,5
1709521761.233805,5
1709521761.255923,5
1709521761.288524,5
1709521761.309153,6
1709521761.331105,5
1709521761.384890,5
1709521761.407889,5
1709521761.437449,5
1709521761.477127,5
1709521761.500926,5
1709521761.527543,5
1709521761.553313,5
1709521761.597399,5
1709521761.627356,3
1709521761.651475,4
1709521761.698639,2
1709521761.740930,2
1709521761.763006,1
1709521761.783677,1
1709521761.803292,1
1709521761.822752,1
1709521761.844505,1
1709521761.865138,2
1709521761.904410,2
1709521761.946481,2
1709521761.991687,2
1709521762.029275,2
1709521762.053236,2
1709521762.097208,2
1709521762.126552,2
1709521762.172646,2
1709521762.198729,3
1709521762.240288,2
1709521762.306926,2
1709521762.330582,2
1709521762.352390,2
1709521762.388420,2
1709521762.434994,2
1709521762.456695,2
1709521762.505654,2
1709521762.528968,2
1709521762.577038,2
1709521762.618977,3
1709521762.646529,2
1709521762.676042,2
1709521762.695028,3
1709521762.728277,3
1709521762.750119,3
1709521762.791791,5
1709521762.858358,4
1709521762.911298,5
1709521762.931248,4
1709521762.950875,5
1709521762.973305,5
1709521763.007146,5
1709521763.043351,4
1709521763.073826,4
1709521763.148999,3
1709521763.210591,2
1709521763.242575,3
1709521763.265347,3
1709521763.294990,3
1709521763.328430,3
1709521763.381130,2
1709521763.427343,2
1709521763.453706,1
1709521763.482449,1
1709521763.515781,1
1709521763.539276,1
1709521763.590595,1
1709521763.633628,3
1709521763.685934,3
1709521763.716438,3
1709521763.743170,2
1709521763.787561,2
1709521763.810519,2
1709521763.834687,3
1709521763.878398,3
1709521763.899817,3
1709521763.920418,3
1709521763.985333,1
1709521764.007838,1
1709521764.057385,1
1709521764.089879,1
1709521764.112483,1
1709521764.171620,1
1709521764.202940,1
1709521764.255490,2
1709521764.279780,2
1709521764.303047,2
1709521764.326564,2
1709521764.385069,3
1709521764.423467,2
1709521764.446072,2
1709521764.469844,3
1709521764.538716,1
1709521764.582982,2
1709521764.610454,2
1709521764.633457,2
1709521764.684535,0
1709521764.722123,2
1709521764.755916,1
1709521764.776202,1
1709521764.797491,1
1709521764.852366,1
1709521764.898420,0
1709521764.917689,1
1709521764.944149,1
1709521764.967918,1
1709521764.994704,1
1709521765.016024,1
1709521765.037504,1
1709521765.060677,1
1709521765.084555,1
1709521765.104973,1
1709521765.128774,1
1709521765.150509,1
1709521765.190320,1
1709521765.241763,1
1709521765.274458,1
1709521765.303454,3
1709521765.327323,2
1709521765.373592,2
1709521765.408900,2
1709521765.444871,1
1709521765.464603,2
1709521765.496050,2
1709521765.518959,2
1709521765.541950,2
1709521765.570007,2
1709521765.597866,2
1709521765.623073,2
1709521765.668375,2
1709521765.688470,4
1709521765.735391,3
1709521765.776836,3
1709521765.795281,3
1709521765.818913,3
1709521765.893960,2
1709521765.919087,2
1709521765.940511,2
1709521765.978425,3
1709521766.007233,3
1709521766.032646,3
1709521766.055733,4
1709521766.078930,3
1709521766.100209,3
1709521766.131978,3
1709521766.196548,3
1709521766.216855,3
1709521766.255965,2
1709521766.277354,2
1709521766.307616,2
1709521766.346950,2
1709521766.376240,2
1709521766.424285,3
1709521766.466994,4
1709521766.516516,4
1709521766.549278,2
1709521766.574040,3
1709521766.612953,4
1709521766.665155,3
1709521766.688093,3
1709521766.709292,3
1709521766.763901,1
1709521766.801185,1
1709521766.822911,1
1709521766.868111,1
1709521766.892675,1
1709521766.912275,1
1709521766.933391,1
1709521766.955663,1
1709521766.992053,1
1709521767.023354,1
1709521767.050823,1
1709521767.102707,2
1709521767.123146,2
1709521767.145097,2
1709521767.200140,3
1709521767.224656,2
1709521767.251063,2
1709521767.275438,2
1709521767.371336,3
1709521767.400110,3
1709521767.422955,4
1709521767.447315,3
1709521767.488123,4
1709521767.519223,5
1709521767.553548,4
1709521767.610928,4
1709521767.674799,4
1709521767.704603,4
1709521767.762503,4
1709521767.796397,5
1709521767.842406,4
1709521767.865081,6
1709521767.920681,6
1709521767.945184,5
1709521767.972700,5
1709521768.003296,6
1709521768.023406,6
1709521768.047752,6
1709521768.082738,6
1709521768.115659,7
1709521768.138649,7
1709521768.160048,8
1709521768.218966,6
1709521768.249068,5
1709521768.268682,5
1709521768.321201,2
1709521768.350340,3
1709521768.398778,2
1709521768.423473,3
1709521768.452218,2
1709521768.497612,2
1709521768.522676,2
1709521768.544508,2
1709521768.589869,2
1709521768.662932,3
1709521768.699556,2
1709521768.722513,2
1709521768.745363,2
1709521768.781276,2
1709521768.821435,1
1709521768.844299,1
1709521768.866277,0
1709521768.890208,0
1709521768.948763,1
1709521768.995458,1
1709521769.054945,0
1709521769.082931,1
1709521769.153386,1
1709521769.177101,1
1709521769.197318,1
1709521769.233725,1
1709521769.264329,2
1709521769.292174,1
1709521769.353066,2
1709521769.375055,1
1709521769.397356,1
1709521769.429883,1
1709521769.451865,1
1709521769.477018,2
1709521769.522667,1
1709521769.551787,1
1709521769.582194,1
1709521769.626739,1
1709521769.651776,1
1709521769.685549,2
1709521769.707705,2
1709521769.751066,1
1709521769.797175,1
1709521769.816530,1
1709521769.845402,1
1709521769.910283,2
1709521769.949784,1
1709521769.974566,1
1709521770.032665,1
1709521770.086751,1
1709521770.108737,1
1709521770.146266,1
1709521770.174328,1
1709521770.195531,1
1709521770.227383,1
1709521770.268234,3
1709521770.287395,2
1709521770.306325,2
1709521770.355885,2
1709521770.378182,2
1709521770.427439,1
1709521770.472804,2
1709521770.497827,2
1709521770.529168,2
1709521770.568270,2
1709521770.596769,2
1709521770.641804,2
1709521770.674222,2
1709521770.698979,3
1709521770.779824,3
1709521770.804281,4
1709521770.862578,4
1709521770.901100,4
1709521770.923295,3
1709521770.970400,3
1709521771.013216,4
1709521771.040159,4
1709521771.063780,4
1709521771.105497,4
1709521771.144114,4
1709521771.182794,4
1709521771.206514,3
1709521771.245913,3
1709521771.274861,3
1709521771.305916,4
1709521771.350936,5
1709521771.373807,4
1709521771.395927,4
1709521771.450970,6
1709521771.482024,4
1709521771.512422,4
1709521771.560924,4
1709521771.639429,3
1709521771.664799,4
1709521771.706426,3
1709521771.728619,4
1709521771.758505,3
1709521771.796960,3
1709521771.827615,3
1709521771.860576,3
1709521771.895379,3
1709521771.927468,3
1709521771.979739,4
1709521772.014200,3
1709521772.041305,3
1709521772.091090,4
1709521772.141743,5
1709521772.171463,3
1709521772.194870,3
1709521772.235410,4
1709521772.257297,4
1709521772.283211,4
1709521772.304571,3
1709521772.339261,4
1709521772.401699,4
1709521772.434433,5
1709521772.458720,6
1709521772.482295,6
1709521772.502592,6
1709521772.523411,5
1709521772.557744,5
1709521772.579431,6
1709521772.612693,4
1709521772.641160,5
1709521772.662636,6
1709521772.685133,6
1709521772.710606,5
1709521772.740998,5
1709521772.794675,4
1709521772.841073,3
1709521772.869591,3
1709521772.908090,4
1709521772.929081,1
1709521772.972734,1
1709521773.020141,1
1709521773.048455,1
1709521773.095574,0
1709521773.124334,1
1709521773.173448,1
1709521773.203605,1
1709521773.241051,1
1709521773.293788,0
1709521773.315974,1
1709521773.366129,0
1709521773.399440,2
1709521773.419916,2
1709521773.441478,3
1709521773.471186,2
1709521773.494440,2
1709521773.519940,2
1709521773.565595,2
1709521773.590711,2
1709521773.609706,2
1709521773.673397,3
1709521773.703764,3
1709521773.733562,2
1709521773.756492,3
1709521773.781903,3
1709521773.815625,4
1709521773.857275,3
1709521773.911082,2
1709521773.961400,3
1709521773.993794,3
1709521774.019313,3
1709521774.074454,3
1709521774.118982,3
1709521774.147043,1
1709521774.191156,1
1709521774.221911,2
1709521774.240771,3
1709521774.283194,3
1709521774.305523,4
1709521774.354134,3
1709521774.395826,4
1709521774.458154,1
1709521774.491452,1
1709521774.519458,1
1709521774.581759,1
1709521774.605163,1
1709521774.629600,1
1709521774.688823,1
1709521774.710701,2
1709521774.731126,2
1709521774.760824,2
1709521774.817744,3
1709521774.840505,2
1709521774.864434,2
1709521774.904309,2
1709521774.949009,1
1709521774.997967,1
1709521775.049559,2
1709521775.102573,2
1709521775.144383,1
1709521775.167829,1
1709521775.191668,1
1709521775.219835,1
1709521775.293748,1
1709521775.319571,1
1709521775.340238,1
1709521775.361726,1
1709521775.383718,1
1709521775.439349,3
1709521775.491356,3
1709521775.520760,3
1709521775.572213,3
1709521775.613760,3
1709521775.640821,2
1709521775.664250,1
1709521775.690368,1
1709521775.713320,1
1709521775.735441,1
1709521775.776778,2
1709521775.798533,1
1709521775.826818,2
1709521775.865304,1
1709521775.889975,1
1709521775.926575,1
1709521775.946202,1
1709521775.984877,1
1709521776.025045,3
1709521776.082353,2
1709521776.123552,2
1709521776.152988,2
1709521776.183496,2
1709521776.219066,2
1709521776.254933,2
1709521776.277527,2
1709521776.296610,2
1709521776.322701,2
1709521776.353835,2
1709521776.448398,2
1709521776.471557,2
1709521776.529026,2
1709521776.589797,0
1709521776.614626,1
1709521776.643420,1
1709521776.698534,1
1709521776.794353,1
1709521776.828151,1
1709521776.848773,1
1709521776.898846,1
1709521776.932901,1
1709521776.960438,1
1709521777.008970,1
1709521777.066235,1
1709521777.094785,2
1709521777.163268,3
1709521777.188200,3
1709521777.232145,1
1709521777.274570,1
1709521777.306452,2
1709521777.327794,2
1709521777.379278,4
1709521777.400858,3
1709521777.429106,3
1709521777.454808,3
1709521777.486138,4
1709521777.519369,3
1709521777.543081,3
1709521777.564008,3
1709521777.625854,1
1709521777.660407,2
1709521777.685496,1
1709521777.712878,1
1709521777.746887,2
1709521777.780885,2
1709521777.799621,2
1709521777.844596,1
1709521777.881093,1
1709521777.906469,1
1709521777.929552,1
1709521777.965284,1
1709521778.000859,1
1709521778.041853,1
1709521778.061863,0
1709521778.081832,1
1709521778.114107,1
1709521778.171633,1
1709521778.197436,1
1709521778.216147,1
1709521778.254673,2
1709521778.289479,2
1709521778.327065,2
1709521778.364053,3
1709521778.404372,2
1709521778.449116,2
1709521778.470511,2
1709521778.490579,2
1709521778.541390,1
1709521778.603816,1
1709521778.635746,1
1709521778.661584,1
1709521778.713972,1
1709521778.750961,1
1709521778.770037,1
1709521778.801563,1
1709521778.842792,1
1709521778.864836,1
1709521778.885523,1
1709521778.905197,1
1709521778.936030,1
1709521778.958576,1
1709521778.983561,1
1709521779.029188,1
1709521779.067727,3
1709521779.089880,2
1709521779.127944,2
1709521779.149638,3
1709521779.194735,1
1709521779.243644,1
1709521779.268153,1
1709521779.301552,2
1709521779.323955,2
1709521779.372417,3
1709521779.407577,2
1709521779.428817,2
1709521779.492567,2
1709521779.535212,2
1709521779.558617,2
1709521779.611829,2
1709521779.648149,2
1709521779.669701,3
1709521779.701838,3
1709521779.762746,3
1709521779.802499,3
1709521779.825452,4
1709521779.855070,3
1709521779.873742,3
1709521779.896212,4
1709521779.918392,3
1709521779.942937,4
1709521779.994717,3
1709521780.025797,3
1709521780.077970,3
1709521780.107981,3
1709521780.158964,2
1709521780.196165,1
1709521780.292422,2
1709521780.316069,2
1709521780.355023,2
1709521780.404609,2
1709521780.455581,2
1709521780.476470,2
1709521780.509613,2
1709521780.534794,2
1709521780.561037,2
1709521780.592175,2
1709521780.637678,2
1709521780.686464,2
1709521780.738293,2
1709521780.770101,2
1709521780.832338,1
1709521780.858827,1
1709521780.879805,1
1709521780.926944,0
1709521780.971697,2
1709521780.995950,3
1709521781.034030,2
1709521781.056136,2
1709521781.100351,3
1709521781.162476,2
1709521781.204802,2
1709521781.227590,3
1709521781.257604,2
1709521781.279856,2
1709521781.372476,1
1709521781.402173,2
1709521781.424060,2
1709521781.453145,2
1709521781.513468,1
1709521781.535507,1
1709521781.586426,2
1709521781.620579,1
1709521781.638894,2
1709521781.661877,2
1709521781.684231,2
1709521781.735678,2
1709521781.798965,2
1709521781.842796,2
1709521781.870629,3
1709521781.913061,2
1709521781.934720,2
1709521781.976782,3
1709521782.009562,2
1709521782.059120,2
1709521782.090524,1
1709521782.133480,1
1709521782.202882,2
1709521782.233486,3
1709521782.262995,2
1709521782.289720,3
1709521782.310596,2
1709521782.380356,2
1709521782.424344,1
1709521782.445379,3
1709521782.511012,2
1709521782.543047,2
1709521782.592030,2
1709521782.614098,2
1709521782.636996,2
1709521782.658549,2
1709521782.702416,0
1709521782.725181,2
1709521782.752942,2
1709521782.774083,2
1709521782.796618,2
1709521782.818976,3
1709521782.852659,2
1709521782.874878,3
1709521782.920451,3
1709521782.941000,3
1709521782.996539,4
1709521783.046977,4
1709521783.082527,3
1709521783.126870,3
1709521783.147862,4
1709521783.174970,4
1709521783.194440,4
1709521783.221179,6
1709521783.244498,5
1709521783.298431,6
1709521783.324083,5
1709521783.347922,5
1709521783.375594,5
1709521783.447650,5
1709521783.477073,4
1709521783.532301,6
1709521783.573062,5
1709521783.613233,5
1709521783.638766,5
1709521783.685143,5
1709521783.720567,5
1709521783.765120,4
1709521783.816892,5
1709521783.849524,4
1709521783.884141,3
1709521783.936470,3
1709521783.973460,4
1709521784.006059,3
1709521784.033270,3
1709521784.062726,3
1709521784.085650,3
1709521784.120386,3
1709521784.158024,3
1709521784.207621,3
1709521784.227850,2
1709521784.261654,2
1709521784.288966,3
1709521784.314719,3
1709521784.353832,3
1709521784.373842,4
1709521784.400481,4
1709521784.439103,3
1709521784.460103,4
1709521784.483128,4
1709521784.503116,4
1709521784.540545,5
1709521784.582146,4
1709521784.603823,4
1709521784.637596,4
1709521784.664274,4
1709521784.724566,3
1709521784.751973,3
1709521784.800297,3
1709521784.825584,4
1709521784.859230,3
1709521784.884458,3
1709521784.909155,3
1709521784.956525,3
1709521784.979253,3
1709521785.013837,3
1709521785.039081,3
1709521785.059294,4
1709521785.096013,3
1709521785.118492,3
1709521785.162775,4
1709521785.202024,4
1709521785.240211,4
1709521785.263422,4
1709521785.309683,4
1709521785.372704,2
1709521785.398665,2
1709521785.424184,2
1709521785.474142,2
1709521785.528048,1
1709521785.554389,1
1709521785.606353,2
1709521785.656945,2
1709521785.697134,2
1709521785.748490,2
1709521785.770725,2
1709521785.829993,2
1709521785.878354,2
1709521785.904204,2
1709521785.944800,3
1709521785.987577,3
1709521786.022426,3
1709521786.043548,4
1709521786.068511,4
1709521786.092673,4
1709521786.114660,3
1709521786.165671,3
1709521786.186027,3
1709521786.216155,4
1709521786.237607,4
1709521786.256318,3
1709521786.277611,3
1709521786.313369,3
1709521786.358660,2
1709521786.380801,2
1709521786.441322,3
1709521786.471577,3
1709521786.493198,3
1709521786.517354,4
1709521786.574780,2
1709521786.601856,4
1709521786.646026,2
1709521786.671500,2
1709521786.696217,2
1709521786.743025,2
1709521786.799469,2
1709521786.835689,2
1709521786.886957,2
1709521786.932930,2
1709521786.968509,3
1709521787.001689,2
1709521787.027357,3
1709521787.099590,2
1709521787.125244,2
1709521787.178810,3
1709521787.204967,3
1709521787.224947,3
1709521787.282234,2
1709521787.304006,1
1709521787.331193,2
1709521787.356966,2
1709521787.389497,2
1709521787.410110,2
1709521787.489746,3
1709521787.531707,3
1709521787.558412,4
1709521787.578404,3
1709521787.601680,3
1709521787.643112,3
1709521787.671043,4
1709521787.727419,1
1709521787.757474,1
1709521787.782678,1
1709521787.803005,1
1709521787.834385,1
1709521787.867213,1
1709521787.892794,1
1709521787.924767,1
1709521787.945035,1
1709521787.989665,1
1709521788.014588,1
1709521788.048332,1
1709521788.069929,1
1709521788.090133,1
1709521788.144723,2
1709521788.168878,1
1709521788.203886,1
1709521788.252176,0
1709521788.288201,2
1709521788.312461,2
1709521788.337741,2
1709521788.377722,1
1709521788.404115,2
1709521788.426486,2
1709521788.474391,2
1709521788.498910,3
1709521788.520268,2
1709521788.556451,1
1709521788.573479,2
1709521788.594923,2
1709521788.669482,2
1709521788.716893,1
1709521788.745096,1
1709521788.805434,1
1709521788.824232,2
1709521788.846824,2
1709521788.896015,2
1709521788.927193,2
1709521788.983095,2
1709521789.009710,3
1709521789.029727,2
1709521789.047741,3
1709521789.073166,2
1709521789.109905,1
1709521789.179589,1
1709521789.205522,2
1709521789.231503,1
1709521789.255355,1
1709521789.280123,1
1709521789.328864,1
1709521789.352724,2
1709521789.373662,2
1709521789.416403,2
1709521789.435107,2
1709521789.470532,2
1709521789.509730,2
1709521789.545125,3
1709521789.571576,2
1709521789.606643,2
1709521789.624741,2
1709521789.648622,2
1709521789.669695,2
1709521789.694259,2
1709521789.741871,1
1709521789.767890,1
1709521789.814044,1
1709521789.840999,2
1709521789.863951,1
1709521789.890506,1
1709521789.912523,1
1709521789.953182,3
1709521789.995339,2
1709521790.022059,3
1709521790.077101,3
1709521790.131386,2
1709521790.152204,3
1709521790.175873,2
1709521790.235098,1
1709521790.292530,2
1709521790.313540,2
1709521790.336270,2
1709521790.367871,3
1709521790.392956,3
1709521790.445163,3
1709521790.467264,4
1709521790.491868,3
1709521790.518891,3
1709521790.584166,4
1709521790.609764,3
1709521790.659494,3
1709521790.685952,3
1709521790.714965,4
1709521790.761928,3
1709521790.792553,3
1709521790.830783,3
1709521790.859191,4
1709521790.919696,3
1709521790.945022,4
1709521790.978281,4
1709521790.998189,4
1709521791.038707,4
1709521791.067330,5
1709521791.136652,4
1709521791.155539,4
1709521791.215110,4
1709521791.245839,5
1709521791.270662,5
1709521791.301286,5
1709521791.327252,4
1709521791.370206,4
1709521791.401417,4
1709521791.427384,4
1709521791.448364,5
1709521791.485420,4
1709521791.526222,3
1709521791.551962,4
1709521791.587065,3
1709521791.612112,3
1709521791.639910,4
1709521791.663422,3
1709521791.684157,3
1709521791.748978,2
1709521791.767451,3
1709521791.805581,3
1709521791.828814,4
1709521791.861790,3
1709521791.890958,3
1709521791.912872,6
1709521791.955509,3
1709521791.976235,3
1709521791.998922,4
1709521792.051157,2
1709521792.108234,1
1709521792.162063,1
1709521792.188393,1
1709521792.235750,2
1709521792.282328,2
1709521792.303153,2
1709521792.326809,3
1709521792.351154,2
1709521792.370039,2
1709521792.398602,2
1709521792.431473,3
1709521792.452414,4
1709521792.482981,3
1709521792.505982,3
1709521792.534345,3
1709521792.592266,2
1709521792.612985,2
1709521792.636386,2
1709521792.703158,1
1709521792.723399,2
1709521792.770630,2
1709521792.832370,1
1709521792.859112,2
1709521792.881501,0
1709521792.951457,1
1709521792.974622,1
1709521793.014892,1
1709521793.040295,2
1709521793.065562,1
1709521793.113290,1
1709521793.151287,1
1709521793.176646,2
1709521793.210761,2
1709521793.236301,2
1709521793.265339,1
1709521793.319758,2
1709521793.342695,2
1709521793.379657,3
1709521793.428342,2
1709521793.465443,3
1709521793.486595,2
1709521793.511547,3
1709521793.552919,3
1709521793.571707,4
1709521793.607415,3
1709521793.649083,4
1709521793.706402,4
1709521793.734452,4
1709521793.760537,4
1709521793.781924,4
1709521793.807774,4
1709521793.831228,5
1709521793.881037,4
1709521793.903180,4
1709521793.929729,6
1709521793.960156,4
1709521794.009954,4
1709521794.049778,4
1709521794.079544,4
1709521794.110968,5
1709521794.145773,3
1709521794.183156,3
1709521794.210620,4
1709521794.253132,2
1709521794.281240,5
1709521794.306733,3
1709521794.353493,3
1709521794.396193,2
1709521794.439940,3
1709521794.461743,3
1709521794.492572,3
1709521794.535062,4
1709521794.579544,2
1709521794.623905,3
1709521794.646756,3
1709521794.672529,3
1709521794.722941,3
1709521794.775130,1
1709521794.799961,1
1709521794.842097,1
1709521794.906426,1
1709521794.936871,1
1709521794.964351,0
1709521795.014416,2
1709521795.033290,3
1709521795.074426,2
1709521795.096366,3
1709521795.127483,2
1709521795.159776,2
1709521795.182904,2
1709521795.214603,1
1709521795.245264,2
1709521795.264696,2
1709521795.331133,2
1709521795.386715,2
1709521795.412760,3
1709521795.432484,3
1709521795.461442,2
1709521795.491956,2
1709521795.514797,3
1709521795.603100,2
1709521795.627985,3
1709521795.656537,2
1709521795.710552,3
1709521795.730244,4
1709521795.781811,3
1709521795.808314,3
1709521795.890485,3
1709521795.912827,2
1709521795.960669,2
1709521795.983551,2
1709521796.007813,2
1709521796.038154,3
1709521796.085442,2
1709521796.122764,2
1709521796.163321,2
1709521796.203555,1
1709521796.247743,2
1709521796.304635,1
1709521796.329813,2
1709521796.356224,2
1709521796.379299,2
1709521796.418607,2
1709521796.469406,2
1709521796.494993,2
1709521796.519628,2
1709521796.544134,2
1709521796.601547,3
1709521796.624924,2
1709521796.665508,2
1709521796.700977,2
1709521796.747793,3
1709521796.782599,4
1709521796.810868,4
1709521796.835380,4
1709521796.894771,3
1709521796.927551,3
1709521796.958466,2
1709521796.981140,3
1709521797.026031,2
1709521797.060130,3
1709521797.107555,1
1709521797.131567,1
1709521797.157455,1
1709521797.201017,1
1709521797.251502,2
1709521797.284628,2
1709521797.331923,2
1709521797.386807,2
1709521797.411431,2
1709521797.461086,2
1709521797.505526,2
1709521797.540344,2
1709521797.566793,2
1709521797.597861,2
1709521797.631349,2
1709521797.670940,4
1709521797.695376,3
1709521797.714700,3
1709521797.736832,3
1709521797.776641,3
1709521797.806568,3
1709521797.828833,3
1709521797.865645,2
1709521797.904254,3
1709521797.946190,3
1709521797.994869,3
1709521798.019860,3
1709521798.046364,3
1709521798.069336,3
1709521798.092935,2
1709521798.112437,3
1709521798.167603,2
1709521798.188601,2
1709521798.252027,2
1709521798.291037,3
1709521798.337871,3
1709521798.391902,3
1709521798.414718,4
1709521798.453072,3
1709521798.497076,3
1709521798.559061,3
1709521798.581205,2
1709521798.609624,2
1709521798.659040,1
1709521798.685275,2
1709521798.710720,3
1709521798.735352,2
1709521798.776129,2
1709521798.796959,2
1709521798.820021,2
1709521798.843149,2
1709521798.891938,2
1709521798.912229,3
1709521798.945565,2
1709521798.986598,3
1709521799.011689,3
1709521799.032979,3
1709521799.080064,3
1709521799.123025,3
1709521799.144691,3
1709521799.212246,2
1709521799.241485,2
1709521799.266391,2
1709521799.318384,3
1709521799.344550,3
1709521799.393152,1
1709521799.414362,1
1709521799.463826,1
1709521799.490366,1
1709521799.518308,1
1709521799.562034,2
1709521799.589510,2
1709521799.649026,2
1709521799.687226,2
1709521799.709344,2
1709521799.733030,2
1709521799.752671,3
1709521799.778466,2
1709521799.800182,2
1709521799.851340,1
1709521799.882535,1
1709521799.931428,2
1709521799.969391,2
1709521800.004340,2
1709521800.069036,1
1709521800.115281,1
1709521800.143569,1
1709521800.173294,1
1709521800.211382,2
1709521800.238873,3
1709521800.270527,1
1709521800.302443,2
1709521800.365077,1
1709521800.408547,2
1709521800.427367,1
1709521800.448399,1
1709521800.504581,0
1709521800.567952,2
1709521800.611031,1
1709521800.679691,1
1709521800.728945,1
1709521800.751265,1
1709521800.786343,2
1709521800.808508,2
1709521800.865047,1
1709521800.898344,2
1709521800.923288,2
1709521800.951202,2
1709521800.970226,2
1709521801.006466,2
1709521801.031873,2
1709521801.070486,2
1709521801.097069,2
1709521801.123129,2
1709521801.186887,2
1709521801.211794,2
1709521801.243082,2
1709521801.261864,2
1709521801.334619,2
1709521801.368747,2
1709521801.400383,2
1709521801.445975,2
1709521801.503006,1
1709521801.536786,1
1709521801.590385,2
1709521801.613882,2
1709521801.659106,3
1709521801.683457,3
1709521801.720131,3
1709521801.759577,2
1709521801.798102,2
1709521801.823286,2
1709521801.850701,3
1709521801.911285,1
1709521801.932144,2
1709521801.954591,2
1709521802.002774,2
1709521802.052487,2
1709521802.073378,2
1709521802.096011,2
1709521802.140570,1
1709521802.170374,2
1709521802.196186,1
1709521802.215523,1
1709521802.241667,1
1709521802.299605,2
1709521802.339767,1
1709521802.369906,2
1709521802.409156,2
1709521802.436473,2
1709521802.483911,0
1709521802.531437,1
1709521802.567013,1
1709521802.589890,1
1709521802.643980,2
1709521802.696434,2
1709521802.728360,1
1709521802.750118,1
1709521802.820311,2
1709521802.851856,2
1709521802.888573,1
1709521802.921084,1
1709521802.966358,2
1709521803.008059,2
1709521803.035961,2
1709521803.059964,2
1709521803.139542,2
1709521803.161005,2
1709521803.178381,2
1709521803.214805,2
1709521803.275562,2
1709521803.299765,3
1709521803.341799,3
1709521803.370845,5
1709521803.409671,3
1709521803.438354,3
1709521803.472254,3
1709521803.569387,3
1709521803.617218,3
1709521803.662441,3
1709521803.719446,3
1709521803.740805,3
1709521803.761783,3
1709521803.815088,2
1709521803.862639,1
1709521803.889094,1
1709521803.919438,1
1709521803.962143,1
1709521803.998430,1
1709521804.028021,1
1709521804.059634,1
1709521804.077785,1
1709521804.103145,1
1709521804.131957,2
1709521804.156602,1
1709521804.187127,1
1709521804.222840,1
1709521804.245429,1
1709521804.272498,1
1709521804.322923,2
1709521804.342761,2
1709521804.369122,1
1709521804.427287,1
1709521804.450606,1
1709521804.473426,1
1709521804.494164,2
1709521804.522294,1
1709521804.574562,2
1709521804.611908,2
1709521804.633026,3
1709521804.654420,2
1709521804.714528,2
1709521804.752360,2
1709521804.779485,2
1709521804.844423,1
1709521804.891031,1
1709521804.938406,1
1709521804.975654,1
1709521804.995057,1
1709521805.020139,1
1709521805.040389,1
1709521805.072120,1
1709521805.113406,2
1709521805.142420,2
1709521805.170837,2
1709521805.220513,3
1709521805.246714,1
1709521805.275047,1
1709521805.337903,1
1709521805.383114,1
1709521805.411506,1
1709521805.483754,1
1709521805.519855,2
1709521805.542746,2
1709521805.625193,1
1709521805.651229,2
1709521805.670684,2
1709521805.754184,2
1709521805.776934,2
1709521805.842808,3
1709521805.869937,4
1709521805.908927,2
1709521805.935570,2
1709521805.980687,2
1709521806.031582,1
1709521806.051745,3
1709521806.084300,2
1709521806.105349,3
1709521806.157249,1
1709521806.183903,1
1709521806.241184,1
1709521806.266055,1
1709521806.306829,0
1709521806.328255,1
1709521806.367085,1
1709521806.418144,0
1709521806.445126,2
1709521806.467970,2
1709521806.519283,2
1709521806.575644,2
1709521806.596118,2
1709521806.623840,1
1709521806.675810,2
1709521806.702427,3
1709521806.726979,1
1709521806.758693,2
1709521806.776830,2
1709521806.804321,2
1709521806.847102,3
1709521806.871776,3
1709521806.897332,3
1709521806.956988,3
1709521806.976813,3
1709521807.012087,4
1709521807.041160,3
1709521807.105428,1
1709521807.132072,5
1709521807.159163,2
1709521807.222653,1
1709521807.261076,1
1709521807.301256,3
1709521807.322748,3
1709521807.388116,2
1709521807.430792,1
1709521807.465699,1
1709521807.488581,1
1709521807.531527,1
1709521807.553097,1
1709521807.611746,1
1709521807.634299,1
1709521807.659105,1
1709521807.701391,1
1709521807.751126,2
1709521807.779673,2
1709521807.824543,2
1709521807.848641,2
1709521807.874666,2
1709521807.920526,2
1709521807.941152,2
1709521807.987478,1
1709521808.011739,2
1709521808.046294,2
1709521808.078968,1
1709521808.101825,1
1709521808.127094,1
1709521808.166016,1
1709521808.210854,2
1709521808.238467,2
1709521808.259752,2
1709521808.293063,2
1709521808.331053,1
1709521808.372809,1
1709521808.442432,2
1709521808.472661,2
1709521808.500445,2
1709521808.546688,2
1709521808.606532,1
1709521808.635233,0
1709521808.670141,1
1709521808.712481,1
1709521808.750662,1
1709521808.774735,1
1709521808.829758,2
1709521808.868505,2
1709521808.913400,1
1709521808.943478,2
1709521808.971665,3
1709521809.026767,0
1709521809.054329,1
1709521809.075122,1
1709521809.095657,1
1709521809.123100,1
1709521809.187328,1
1709521809.214480,2
1709521809.262981,2
1709521809.282712,2
1709521809.307310,2
1709521809.334501,3
1709521809.377287,3
1709521809.442116,2
1709521809.464861,2
1709521809.484128,2
1709521809.507384,2
1709521809.573385,3
1709521809.619371,0
1709521809.655036,2
1709521809.678418,1
1709521809.726665,2
1709521809.776314,1
1709521809.816189,1
1709521809.856715,1
1709521809.884458,1
1709521809.938366,4
1709521809.988472,3
1709521810.028859,3
1709521810.055867,4
1709521810.075034,3
1709521810.136892,3
1709521810.161043,4
1709521810.215603,3
1709521810.241361,3
1709521810.264711,3
1709521810.300826,3
1709521810.360317,4
1709521810.383652,4
1709521810.418283,4
1709521810.449847,4
1709521810.497856,4
1709521810.535511,4
1709521810.566359,5
1709521810.606889,2
1709521810.629940,2
1709521810.670024,3
1709521810.700007,3
1709521810.727866,3
1709521810.747216,4
1709521810.795750,3
1709521810.837620,3
1709521810.859649,4
1709521810.908885,2
1709521810.946667,1
1709521810.979422,2
1709521811.067522,4
1709521811.122429,4
1709521811.155182,4
1709521811.175842,4
1709521811.207935,4
1709521811.248956,4
1709521811.271350,5
1709521811.310830,5
1709521811.357159,4
1709521811.385132,4
1709521811.434656,4
1709521811.455256,6
1709521811.473827,4
1709521811.515986,5
1709521811.587155,5
1709521811.623505,4
1709521811.645224,4
1709521811.696519,3
1709521811.737026,3
1709521811.763184,3
1709521811.834126,4
1709521811.865446,4
1709521811.889482,5
1709521811.910865,5
1709521811.938178,4
1709521811.965983,4
1709521812.009355,5
1709521812.041063,5
1709521812.080190,5
1709521812.137894,5
1709521812.162887,5
1709521812.195356,4
1709521812.215177,4
1709521812.269564,6
1709521812.292657,4
1709521812.317528,5
1709521812.391059,5
1709521812.419395,5
1709521812.458992,3
1709521812.493602,3
1709521812.519223,4
1709521812.544760,3
1709521812.584012,3
1709521812.628528,3
1709521812.662471,1
1709521812.691000,1
1709521812.749012,1
1709521812.771939,1
1709521812.818063,2
1709521812.843813,2
1709521812.876870,2
1709521812.925877,0
1709521812.953301,1
1709521812.978867,1
1709521813.018754,1
1709521813.046675,1
1709521813.084949,1
1709521813.109195,1
1709521813.174806,1
1709521813.204202,1
1709521813.229614,1
1709521813.255060,1
1709521813.319336,3
1709521813.339204,3
1709521813.359087,4
1709521813.385438,4
1709521813.419931,2
1709521813.442353,2
1709521813.462507,2
1709521813.485153,1
1709521813.515925,1
1709521813.554754,0
1709521813.578867,3
1709521813.600342,2
1709521813.642122,2
1709521813.667015,3
1709521813.693319,2
1709521813.751390,3
1709521813.785912,2
1709521813.822051,3
1709521813.853985,2
1709521813.880297,2
1709521813.960101,2
1709521813.979462,2
1709521814.002153,2
1709521814.023355,2
1709521814.041993,2
1709521814.082991,2
1709521814.116209,1
1709521814.143953,1
1709521814.192791,1
1709521814.213394,1
1709521814.233657,1
1709521814.286983,1
1709521814.328841,1
1709521814.356559,1
1709521814.405545,1
1709521814.436808,2
1709521814.477511,3
1709521814.500943,2
1709521814.554872,3
1709521814.582547,3
1709521814.618315,4
1709521814.667747,3
1709521814.700491,3
1709521814.721417,2
1709521814.742543,2
1709521814.794060,2
1709521814.814423,2
1709521814.852408,2
1709521814.876101,2
1709521814.907641,2
1709521814.936430,3
1709521814.989269,2
1709521815.013456,2
1709521815.052396,2
1709521815.073721,2
1709521815.101320,2
1709521815.146389,2
1709521815.203069,2
1709521815.223647,2
1709521815.246970,2
1709521815.299580,2
1709521815.350057,3
1709521815.379309,5
1709521815.413966,3
1709521815.446466,4
1709521815.477326,5
1709521815.500723,5
1709521815.526126,5
1709521815.564517,5
1709521815.585748,5
1709521815.606793,4
1709521815.665216,5
1709521815.696583,5
1709521815.728436,4
1709521815.751951,4
1709521815.795287,3
1709521815.859811,3
1709521815.884606,4
1709521815.910456,5
1709521815.929915,5
1709521815.976201,5
1709521815.997031,5
1709521816.037007,5
1709521816.061949,5
1709521816.082881,5
1709521816.125365,5
1709521816.163810,6
1709521816.186240,6
1709521816.246242,5
1709521816.277209,5
1709521816.296456,4
1709521816.335523,6
1709521816.360762,5
1709521816.407514,4
1709521816.437031,5
1709521816.473906,4
1709521816.543120,6
1709521816.595149,6
1709521816.618381,6
1709521816.641486,7
1709521816.702690,7
1709521816.741833,7
1709521816.769361,8
1709521816.821794,6
1709521816.844761,7
1709521816.876153,6
1709521816.900592,6
1709521816.934332,6
1709521817.019612,6
1709521817.111685,6
1709521817.142670,5
1709521817.171787,5
1709521817.246740,5
1709521817.277921,3
1709521817.332434,3
1709521817.357139,3
1709521817.379529,3
1709521817.414850,4
1709521817.438384,4
1709521817.497861,6
1709521817.630421,5
1709521817.663350,6
1709521817.682770,5
1709521817.702205,5
1709521817.724566,5
1709521817.779728,4
1709521817.804120,4
1709521817.824749,3
1709521817.856177,3
1709521817.882840,3
1709521817.923996,3
1709521817.946266,3
1709521817.986117,2
1709521818.021915,1
1709521818.054182,1
1709521818.077394,1
1709521818.112961,1
1709521818.141239,1
1709521818.163407,1
1709521818.210363,2
1709521818.275571,2
1709521818.303131,2
1709521818.354615,4
1709521818.407726,4
1709521818.435197,4
1709521818.458945,6
1709521818.486387,5
1709521818.540100,4
1709521818.558884,4
1709521818.612746,5
1709521818.633139,4
1709521818.655940,4
1709521818.693839,4
1709521818.721872,4
1709521818.748538,4
1709521818.769824,4
1709521818.818906,4
1709521818.848546,6
1709521818.891066,7
1709521818.926717,6
1709521818.947574,6
1709521818.986791,6
1709521819.022248,5
1709521819.048957,6
1709521819.093980,8
1709521819.115162,7
1709521819.170463,4
1709521819.203124,6
1709521819.227993,6
1709521819.276401,6
1709521819.300626,6
1709521819.339212,5
1709521819.367079,6
1709521819.411740,7
1709521819.435909,6
1709521819.462523,6
1709521819.494923,7
1709521819.518508,7
1709521819.539457,7
1709521819.579391,5
1709521819.615199,3
1709521819.639317,3
1709521819.659132,3
1709521819.686412,3
1709521819.746923,2
1709521819.774454,3
1709521819.795404,2
1709521819.825180,2
1709521819.848001,2
1709521819.903653,2
1709521819.941433,2
1709521819.971160,3
1709521820.036280,3
1709521820.058282,5
1709521820.093979,5
1709521820.127392,4
1709521820.164060,5
1709521820.185837,4
1709521820.208402,4
1709521820.261398,4
1709521820.309758,3
1709521820.338240,4
1709521820.363616,4
1709521820.400818,5
1709521820.419752,4
1709521820.443992,4
1709521820.467686,4
1709521820.498869,4
1709521820.541638,5
1709521820.567224,5
1709521820.605591,4
1709521820.651189,5
1709521820.675941,5
1709521820.729714,3
1709521820.754796,4
1709521820.780774,4
1709521820.809568,3
1709521820.830936,3
1709521820.853930,4
1709521820.912330,2
1709521820.957634,1
1709521820.984497,1
1709521821.020917,1
1709521821.069458,1
1709521821.117610,1
1709521821.142256,1
1709521821.194172,1
1709521821.229655,1
1709521821.264737,1
1709521821.285334,1
1709521821.314072,0
1709521821.357092,1
1709521821.382632,1
1709521821.410543,1
1709521821.433005,1
1709521821.465128,2
1709521821.527348,1
1709521821.574292,2
1709521821.603153,1
1709521821.623448,1
1709521821.655715,1
1709521821.677272,1
1709521821.700066,1
1709521821.725814,1
1709521821.773403,1
1709521821.800463,1
1709521821.848578,1
1709521821.884193,0
1709521821.912539,2
1709521821.958670,2
1709521822.025167,1
1709521822.072388,1
1709521822.108160,3
1709521822.154904,3
1709521822.179953,4
1709521822.211747,4
1709521822.246585,4
1709521822.265561,4
1709521822.323654,3
1709521822.360215,2
1709521822.390308,4
1709521822.440101,5
1709521822.466311,5
1709521822.492187,6
1709521822.523205,5
1709521822.543268,6
1709521822.613989,4
1709521822.644070,3
1709521822.671348,4
1709521822.716560,1
1709521822.739880,1
1709521822.761548,0
1709521822.802407,1
1709521822.870909,1
1709521822.895306,1
1709521822.918987,1
1709521822.948097,1
1709521822.986160,1
1709521823.020437,2
1709521823.039664,3
1709521823.064498,2
1709521823.117584,1
1709521823.158947,1
1709521823.187289,2
1709521823.238170,1
1709521823.259681,1
1709521823.286782,1
1709521823.319162,0
1709521823.359730,1
1709521823.405418,1
1709521823.432957,2
1709521823.471805,2
1709521823.498570,2
1709521823.535584,1
1709521823.564664,1
1709521823.590821,1
1709521823.632060,1
1709521823.663049,3
1709521823.718328,1
1709521823.737981,1
1709521823.759831,1
1709521823.805042,2
1709521823.828473,1
1709521823.875743,1
1709521823.901519,2
1709521823.950318,2
1709521823.978491,2
1709521824.015680,2
1709521824.048558,2
1709521824.078909,2
1709521824.104300,2
1709521824.145080,2
1709521824.182339,2
1709521824.238547,2
1709521824.263356,2
1709521824.291272,2
1709521824.364367,2
1709521824.390234,5
1709521824.410902,5
1709521824.431464,4
1709521824.474457,4
1709521824.506438,3
1709521824.526235,3
1709521824.587583,2
1709521824.615316,2
1709521824.635869,3
1709521824.668472,3
1709521824.692850,3
1709521824.712359,3
1709521824.773965,2
1709521824.794643,2
1709521824.836591,2
1709521824.862818,2
1709521824.927436,1
1709521824.969623,1
1709521825.003129,2
1709521825.049305,1
1709521825.097461,1
1709521825.143072,1
1709521825.162109,2
1709521825.191060,2
1709521825.244302,1
1709521825.267356,1
1709521825.300079,1
1709521825.337977,3
1709521825.389846,2
1709521825.412040,3
1709521825.446494,3
1709521825.473622,3
1709521825.494201,3
1709521825.552077,1
1709521825.582822,1
1709521825.619773,1
1709521825.640786,1
1709521825.690108,0
1709521825.729726,3
1709521825.750488,3
1709521825.792538,2
1709521825.815709,2
1709521825.838182,2
1709521825.859998,2
1709521825.885224,2
1709521825.914444,3
1709521825.933383,2
1709521825.970733,2
1709521826.012236,2
1709521826.063884,2
1709521826.092197,2
1709521826.167950,2
1709521826.189233,2
1709521826.236849,3
1709521826.303863,3
1709521826.377412,4
1709521826.400145,5
1709521826.429665,5
1709521826.470343,5
1709521826.490796,6
1709521826.536697,5
1709521826.563751,6
1709521826.596758,7
1709521826.653281,7
1709521826.681527,8
1709521826.725276,9
1709521826.759209,9
1709521826.836271,8
1709521826.870836,10
1709521826.912849,9
1709521826.959510,9
1709521826.989909,10
1709521827.025458,8
1709521827.052121,9
1709521827.095025,8
1709521827.145928,9
1709521827.207896,7
1709521827.299120,6
1709521827.321471,6
1709521827.378844,6
1709521827.418232,6
1709521827.469874,7
1709521827.518456,5
1709521827.568052,6
1709521827.599104,4
1709521827.646958,4
1709521827.686672,5
1709521827.727154,4
1709521827.756944,3
1709521827.809332,4
1709521827.835459,3
1709521827.863056,4
1709521827.887792,3
1709521827.921026,4
1709521827.941274,5
1709521827.995262,4
1709521828.016874,3
1709521828.036233,4
1709521828.067121,3
1709521828.088844,3
1709521828.119748,4
1709521828.140953,3
1709521828.161932,3
1709521828.207236,0
1709521828.230208,1
1709521828.264225,1
1709521828.285333,1
1709521828.305762,1
1709521828.327087,0
1709521828.347889,1
1709521828.373464,1
1709521828.407742,1
1709521828.428901,1
1709521828.456000,1
1709521828.488636,1
1709521828.515142,1
1709521828.571383,1
1709521828.615232,1
1709521828.645769,2
1709521828.687844,1
1709521828.761285,1
1709521828.792206,1
