1709522602.500126,0
1709522602.545454,0
1709522602.572302,0
1709522602.672013,0
1709522602.696487,0
1709522602.746692,0
1709522602.776115,0
1709522602.827185,0
1709522602.863641,0
1709522602.905448,0
1709522602.930965,0
1709522602.973806,0
1709522603.096102,0
1709522603.122718,0
1709522603.146520,0
1709522603.188026,0
1709522603.270959,0
1709522603.355640,0
1709522603.389300,0
1709522603.422965,0
1709522603.449159,0
1709522603.473136,0
1709522603.522673,0
1709522603.570662,0
1709522603.615338,0
1709522603.671070,0
1709522603.713652,0
1709522603.735063,0
1709522603.770666,0
1709522603.807309,0
1709522603.830959,0
1709522603.864189,0
1709522603.886479,0
1709522603.912642,0
1709522603.940845,0
1709522603.970828,0
1709522603.996541,0
1709522604.018849,0
1709522604.091362,0
1709522604.124604,0
1709522604.150298,0
1709522604.188050,0
1709522604.229981,0
1709522604.256428,1
1709522604.287620,0
1709522604.314196,0
1709522604.366405,0
1709522604.462749,0
1709522604.532391,0
1709522604.565594,0
1709522604.617897,0
1709522604.709287,0
1709522604.763172,0
1709522604.825698,0
1709522604.919431,0
1709522604.986454,0
1709522605.043624,0
1709522605.081405,0
1709522605.113137,0
1709522605.139343,0
1709522605.161468,0
1709522605.246481,0
1709522605.294648,0
1709522605.324744,0
1709522605.371557,0
1709522605.429778,0
1709522605.493909,0
1709522605.521447,0
1709522605.545727,0
1709522605.639015,0
1709522605.669561,0
1709522605.751105,0
1709522605.784973,0
1709522605.817156,0
1709522605.886806,0
1709522605.922944,0
1709522605.948127,0
1709522606.021102,0
1709522606.047931,0
1709522606.071488,0
1709522606.101475,0
1709522606.128847,0
1709522606.170999,0
1709522606.198668,0
1709522606.241319,0
1709522606.281772,0
1709522606.345919,0
1709522606.382190,0
1709522606.410049,0
1709522606.483844,0
1709522606.512959,0
1709522606.598972,0
1709522606.624816,0
1709522606.673797,0
1709522606.697600,0
1709522606.726498,0
1709522606.748777,0
1709522606.836205,0
1709522606.862201,0
1709522606.891453,0
1709522606.944311,0
1709522606.966518,0
1709522607.011158,0
1709522607.047092,0
1709522607.066669,0
1709522607.116605,0
1709522607.166740,0
1709522607.201345,0
1709522607.221801,0
1709522607.266071,0
1709522607.292192,0
1709522607.332957,0
1709522607.355245,0
1709522607.375610,0
1709522607.399401,0
1709522607.426295,0
1709522607.469431,0
1709522607.536282,0
1709522607.564828,0
1709522607.621661,0
1709522607.674152,0
1709522607.709490,0
1709522607.730714,0
1709522607.750306,0
1709522607.804437,0
1709522607.846520,0
1709522607.873584,0
1709522607.896670,0
1709522607.946919,0
1709522607.968948,0
1709522607.997097,0
1709522608.043879,0
1709522608.073551,0
1709522608.103125,0
1709522608.138323,0
1709522608.171392,0
1709522608.219410,0
1709522608.258384,0
1709522608.302794,0
1709522608.332142,0
1709522608.359215,0
1709522608.384526,0
1709522608.438272,0
1709522608.473737,0
1709522608.494961,0
1709522608.532543,0
1709522608.569746,0
1709522608.607100,0
1709522608.629580,0
1709522608.659156,0
1709522608.681040,0
1709522608.702517,0
1709522608.730808,0
1709522608.751829,0
1709522608.770571,0
1709522608.838818,0
1709522608.873586,0
1709522608.904264,0
1709522608.968632,0
1709522609.007441,0
1709522609.035397,0
1709522609.087400,0
1709522609.107823,0
1709522609.135158,0
1709522609.163279,0
1709522609.185227,0
1709522609.255481,0
1709522609.274394,0
1709522609.328728,0
1709522609.358443,0
1709522609.378239,0
1709522609.400065,0
1709522609.421144,0
1709522609.466462,0
1709522609.491620,0
1709522609.552420,0
1709522609.593578,0
1709522609.618824,0
1709522609.680735,0
1709522609.705314,0
1709522609.747097,0
1709522609.770787,0
1709522609.820441,0
1709522609.892358,0
1709522609.943060,0
1709522609.970199,0
1709522609.996623,0
1709522610.047697,0
1709522610.086032,0
1709522610.112097,0
1709522610.133290,0
1709522610.191090,0
1709522610.251858,0
1709522610.280221,0
1709522610.335664,0
1709522610.388675,0
1709522610.420074,0
1709522610.452088,0
1709522610.484446,0
1709522610.505342,0
1709522610.569157,0
1709522610.589299,0
1709522610.621099,0
1709522610.651509,0
1709522610.678368,0
1709522610.706164,0
1709522610.745673,0
1709522610.786946,0
1709522610.805936,0
1709522610.836001,0
1709522610.860968,0
1709522610.883583,0
1709522610.948418,0
1709522610.970061,0
1709522610.999202,0
1709522611.023481,0
1709522611.046985,0
1709522611.067495,0
1709522611.113509,0
1709522611.141155,0
1709522611.191780,0
1709522611.214324,0
1709522611.243282,0
1709522611.271446,0
1709522611.337588,0
1709522611.358829,0
1709522611.408900,0
1709522611.450543,0
1709522611.476549,0
1709522611.510651,0
1709522611.541213,0
1709522611.588101,0
1709522611.614046,0
1709522611.637104,0
1709522611.658600,0
1709522611.683362,0
1709522611.730265,0
1709522611.750742,0
1709522611.774813,0
1709522611.828808,0
1709522611.849572,0
1709522611.873806,0
1709522611.894270,0
1709522611.918909,0
1709522611.937515,0
1709522611.988812,0
1709522612.018081,0
1709522612.050219,0
1709522612.072137,0
1709522612.094150,0
1709522612.142634,0
1709522612.202251,0
1709522612.228056,0
1709522612.249156,0
1709522612.269518,0
1709522612.295767,0
1709522612.354917,0
1709522612.400996,0
1709522612.422664,0
1709522612.445042,0
1709522612.467386,0
1709522612.516922,0
1709522612.574166,0
1709522612.602690,0
1709522612.623174,0
1709522612.646424,0
1709522612.679554,0
1709522612.703216,0
1709522612.760819,0
1709522612.789688,0
1709522612.853108,0
1709522612.890417,0
1709522612.914934,0
1709522612.955604,0
1709522612.975511,0
1709522612.996652,0
1709522613.047277,0
1709522613.066488,0
1709522613.087789,0
1709522613.119095,0
1709522613.157206,0
1709522613.179522,0
1709522613.223897,0
1709522613.251750,0
1709522613.275220,0
1709522613.320885,0
1709522613.362950,0
1709522613.382663,0
1709522613.406558,0
1709522613.457411,0
1709522613.481013,0
1709522613.506685,0
1709522613.540060,0
1709522613.593213,0
1709522613.613299,0
1709522613.633703,0
1709522613.664538,0
1709522613.697663,0
1709522613.742862,0
1709522613.764965,0
1709522613.804544,0
1709522613.826658,0
1709522613.877888,0
1709522613.919019,0
1709522613.947675,0
1709522613.973904,0
1709522614.012934,0
1709522614.051131,0
1709522614.076474,0
1709522614.122309,0
1709522614.175481,0
1709522614.199170,0
1709522614.221597,0
1709522614.273049,0
1709522614.292380,0
1709522614.313095,0
1709522614.357342,0
1709522614.389352,0
1709522614.448489,0
1709522614.496319,0
1709522614.534863,0
1709522614.576171,0
1709522614.622036,0
1709522614.648649,0
1709522614.676389,0
1709522614.714548,0
1709522614.761767,0
1709522614.781718,0
1709522614.806588,0
1709522614.834562,0
1709522614.855880,0
1709522614.918081,0
1709522614.941902,0
1709522614.968639,0
1709522615.003169,0
1709522615.058270,0
1709522615.085153,0
1709522615.105212,0
1709522615.129741,0
1709522615.156615,0
1709522615.219888,0
1709522615.243709,0
1709522615.270175,0
1709522615.328285,0
1709522615.350741,0
1709522615.374432,0
1709522615.397382,0
1709522615.423280,0
1709522615.460279,0
1709522615.496858,0
1709522615.532280,0
1709522615.557747,0
1709522615.634727,0
1709522615.663841,0
1709522615.689434,0
1709522615.715405,0
1709522615.756460,0
1709522615.776006,0
1709522615.795183,0
1709522615.834543,0
1709522615.883332,0
1709522615.915920,0
1709522615.940950,0
1709522615.963183,0
1709522615.984108,0
1709522616.004994,0
1709522616.043648,0
1709522616.112475,0
1709522616.136653,0
1709522616.160165,0
1709522616.212765,0
1709522616.277053,0
1709522616.302667,0
1709522616.324376,0
1709522616.374570,0
1709522616.396588,0
1709522616.458758,0
1709522616.486672,0
1709522616.509696,0
1709522616.544569,0
1709522616.604109,0
1709522616.627007,0
1709522616.647472,0
1709522616.706327,0
1709522616.739725,0
1709522616.776387,0
1709522616.801713,0
1709522616.853623,0
1709522616.896413,0
1709522616.924200,0
1709522616.950460,0
1709522616.971909,0
1709522616.997859,0
1709522617.035537,0
1709522617.081107,0
1709522617.126362,0
1709522617.165236,0
1709522617.188035,0
1709522617.207374,0
1709522617.283304,0
1709522617.308876,0
1709522617.337129,0
1709522617.362567,0
1709522617.415465,0
1709522617.490179,0
1709522617.520200,0
1709522617.556876,0
1709522617.586481,0
1709522617.651577,0
1709522617.676374,0
1709522617.700733,0
1709522617.725050,0
1709522617.748777,0
1709522617.801534,0
1709522617.832568,0
1709522617.858678,0
1709522617.928936,0
1709522617.949905,0
1709522618.012518,0
1709522618.044772,0
1709522618.070042,0
1709522618.089408,0
1709522618.142051,0
1709522618.165064,0
1709522618.187542,0
1709522618.236739,0
1709522618.265033,0
1709522618.294868,0
1709522618.313416,0
1709522618.345234,0
1709522618.391421,0
1709522618.413772,0
1709522618.472782,0
1709522618.495125,0
1709522618.543601,0
1709522618.605667,0
1709522618.647821,0
1709522618.670020,0
1709522618.689835,0
1709522618.754802,0
1709522618.777217,0
1709522618.826557,0
1709522618.850945,0
1709522618.874129,0
1709522618.902071,0
1709522618.964240,0
1709522618.995452,0
1709522619.040594,0
1709522619.064896,0
1709522619.085651,0
1709522619.145872,0
1709522619.197471,0
1709522619.219657,0
1709522619.241230,0
1709522619.268003,0
1709522619.291512,0
1709522619.342482,0
1709522619.368320,0
1709522619.395163,0
1709522619.431557,0
1709522619.458780,0
1709522619.488141,0
1709522619.525300,0
1709522619.567917,0
1709522619.592185,0
1709522619.618336,0
1709522619.658758,0
1709522619.689443,0
1709522619.722965,0
1709522619.747842,0
1709522619.786618,0
1709522619.847077,0
1709522619.869080,0
1709522619.933793,0
1709522619.955256,0
1709522619.984020,0
1709522620.007396,0
1709522620.047527,0
1709522620.068957,0
1709522620.127431,0
1709522620.153761,0
1709522620.190188,0
1709522620.225092,0
1709522620.248020,0
1709522620.284010,0
1709522620.325739,0
1709522620.354289,0
1709522620.377635,0
1709522620.403080,0
1709522620.442584,0
1709522620.479631,0
1709522620.503297,0
1709522620.535866,0
1709522620.581787,0
1709522620.618011,0
1709522620.650518,0
1709522620.713511,0
1709522620.752777,0
1709522620.778030,0
1709522620.804317,0
1709522620.855643,0
1709522620.915044,0
1709522620.935192,0
1709522620.956139,0
1709522620.977726,0
1709522621.001039,0
1709522621.023431,0
1709522621.086152,0
1709522621.114776,0
1709522621.171861,0
1709522621.200662,0
1709522621.230799,0
1709522621.262723,0
1709522621.324365,0
1709522621.369832,0
1709522621.407154,0
1709522621.469277,0
1709522621.504154,0
1709522621.531501,0
1709522621.556609,0
1709522621.605741,0
1709522621.636913,0
1709522621.665106,0
1709522621.688079,0
1709522621.718833,0
1709522621.745473,0
1709522621.783082,0
1709522621.804564,0
1709522621.868261,0
1709522621.897961,0
1709522621.919104,0
1709522621.957762,0
1709522621.986629,0
1709522622.006934,0
1709522622.064497,0
1709522622.095979,0
1709522622.122851,0
1709522622.157572,0
1709522622.209832,0
1709522622.236494,0
1709522622.270536,0
1709522622.291622,0
1709522622.324898,0
1709522622.355576,0
1709522622.397035,0
1709522622.424478,0
1709522622.446418,0
1709522622.469089,0
1709522622.533489,0
1709522622.560832,0
1709522622.584006,0
1709522622.602891,0
1709522622.675249,0
1709522622.700563,0
1709522622.735984,0
1709522622.755737,0
1709522622.790221,0
1709522622.823347,0
1709522622.846749,0
1709522622.889614,0
1709522622.920280,0
1709522622.952040,0
1709522622.978306,0
1709522623.009846,0
1709522623.052434,0
1709522623.086183,0
1709522623.107462,0
1709522623.158407,0
1709522623.190229,0
1709522623.210680,0
1709522623.258525,0
1709522623.292560,0
1709522623.333752,0
1709522623.361355,0
1709522623.386570,0
1709522623.422008,0
1709522623.452225,0
1709522623.485560,0
1709522623.516035,0
1709522623.540508,0
1709522623.601366,0
1709522623.623908,0
1709522623.698505,0
1709522623.726270,0
1709522623.771952,0
1709522623.796591,0
1709522623.834033,0
1709522623.893487,0
1709522623.919157,0
1709522623.960210,0
1709522623.981780,0
1709522624.027240,0
1709522624.052300,0
1709522624.106549,0
1709522624.131225,0
1709522624.175148,0
1709522624.201176,0
1709522624.243627,0
1709522624.288490,0
1709522624.340715,0
1709522624.363240,0
1709522624.385261,0
1709522624.433853,0
1709522624.485473,0
1709522624.509453,0
1709522624.528785,0
1709522624.550934,0
1709522624.601508,0
1709522624.647582,0
1709522624.667139,0
1709522624.700150,0
1709522624.721464,0
1709522624.759291,0
1709522624.781142,0
1709522624.804660,0
1709522624.825865,0
1709522624.856349,0
1709522624.877889,0
1709522624.927554,0
1709522624.963207,0
1709522624.987417,0
1709522625.010416,0
1709522625.069170,0
1709522625.101237,0
1709522625.134333,0
1709522625.156512,0
1709522625.180958,0
1709522625.229820,0
1709522625.254855,0
1709522625.301060,0
1709522625.320919,0
1709522625.342629,0
1709522625.368938,0
1709522625.401703,0
1709522625.440375,0
1709522625.467955,0
1709522625.509105,0
1709522625.545542,0
1709522625.568211,0
1709522625.594357,0
1709522625.621705,0
1709522625.673101,0
1709522625.696599,0
1709522625.719566,0
1709522625.784246,0
1709522625.810828,0
1709522625.832379,0
1709522625.868348,0
1709522625.904802,0
1709522625.944946,0
1709522625.969424,0
1709522625.991615,0
1709522626.024436,0
1709522626.046438,0
1709522626.082272,0
1709522626.110852,0
1709522626.137955,0
1709522626.172742,0
1709522626.216236,0
1709522626.246416,0
1709522626.286009,0
1709522626.306280,0
1709522626.330090,0
1709522626.364235,0
1709522626.390546,0
1709522626.445312,0
1709522626.483465,0
1709522626.511829,0
1709522626.538428,0
1709522626.596009,0
1709522626.623335,0
1709522626.650031,0
1709522626.694726,0
1709522626.717088,0
1709522626.738609,0
1709522626.768775,0
1709522626.813286,0
1709522626.849657,0
1709522626.890686,0
1709522626.924079,0
1709522626.949281,0
1709522626.974407,0
1709522627.008702,0
1709522627.031294,0
1709522627.050897,0
1709522627.125530,0
1709522627.172636,0
1709522627.211867,0
1709522627.235653,0
1709522627.259431,0
1709522627.297471,0
1709522627.325006,0
1709522627.367028,0
1709522627.391302,0
1709522627.415554,0
1709522627.442847,0
1709522627.481389,0
1709522627.519704,0
1709522627.544086,0
1709522627.596091,0
1709522627.619195,0
1709522627.642399,0
1709522627.664552,0
1709522627.687908,0
1709522627.718597,0
1709522627.746673,0
1709522627.793764,0
1709522627.821076,0
1709522627.854855,0
1709522627.901117,0
1709522627.932211,0
1709522627.972628,0
1709522627.996058,0
1709522628.022247,0
1709522628.065503,0
1709522628.085495,0
1709522628.107507,0
1709522628.155730,0
1709522628.181864,0
1709522628.204900,0
1709522628.247829,0
1709522628.271832,0
1709522628.331741,0
1709522628.353939,0
1709522628.375314,0
1709522628.396198,0
1709522628.456661,0
1709522628.481651,0
1709522628.523643,0
1709522628.555336,0
1709522628.588326,0
1709522628.656923,0
1709522628.684295,0
1709522628.724477,0
1709522628.748132,0
1709522628.779344,0
1709522628.801690,0
1709522628.838716,0
1709522628.866637,0
1709522628.910552,0
1709522628.929569,0
1709522628.966314,0
1709522628.986282,0
1709522629.043561,0
1709522629.066545,0
1709522629.097156,0
1709522629.140893,0
1709522629.165109,0
1709522629.190194,0
1709522629.232565,0
1709522629.259451,0
1709522629.291123,0
1709522629.339049,0
1709522629.361065,0
1709522629.382638,0
1709522629.440723,0
1709522629.462130,0
1709522629.493753,0
1709522629.517566,0
1709522629.562705,0
1709522629.596301,0
1709522629.632254,0
1709522629.651107,0
1709522629.676335,0
1709522629.717075,0
1709522629.746974,0
1709522629.770943,0
1709522629.817938,0
1709522629.840912,0
1709522629.862907,0
1709522629.889613,0
1709522629.935615,0
1709522629.957584,0
1709522630.005125,0
1709522630.027103,0
1709522630.056246,0
1709522630.106909,0
1709522630.150887,0
1709522630.200247,0
1709522630.237453,0
1709522630.256944,0
1709522630.315274,0
1709522630.357525,0
1709522630.388210,0
1709522630.437279,0
1709522630.456877,0
1709522630.501945,0
1709522630.524932,0
1709522630.547030,0
1709522630.573717,0
1709522630.599317,0
1709522630.657431,0
1709522630.677876,0
1709522630.707019,0
1709522630.733990,0
1709522630.799608,0
1709522630.822870,0
1709522630.849871,0
1709522630.909468,0
1709522630.958291,0
1709522630.981461,0
1709522631.034667,0
1709522631.058642,0
1709522631.120790,0
1709522631.149046,0
1709522631.203606,0
1709522631.252363,0
1709522631.300991,0
1709522631.328897,0
1709522631.370911,0
1709522631.413413,0
1709522631.437331,0
1709522631.468175,0
1709522631.526081,0
1709522631.577358,0
1709522631.615170,0
1709522631.671373,0
1709522631.714140,0
1709522631.766527,0
1709522631.788685,0
1709522631.818190,0
1709522631.878498,0
1709522631.912560,0
1709522631.932616,0
1709522631.953064,0
1709522631.975271,0
1709522632.004976,0
1709522632.071275,0
1709522632.089511,0
1709522632.120300,0
1709522632.141353,0
1709522632.195347,0
1709522632.218273,0
1709522632.265629,0
1709522632.287405,0
1709522632.311632,0
1709522632.339961,0
1709522632.395168,0
1709522632.434269,0
1709522632.465748,0
1709522632.506273,0
1709522632.547201,0
1709522632.575594,0
1709522632.607463,0
1709522632.634241,0
1709522632.686280,0
1709522632.718522,0
1709522632.746477,0
1709522632.772948,0
1709522632.868962,0
1709522632.892719,0
1709522632.916507,0
1709522632.972691,0
1709522633.036935,0
1709522633.067803,1
1709522633.090739,0
1709522633.129343,0
1709522633.164247,0
1709522633.255184,0
1709522633.303765,0
1709522633.332587,0
1709522633.355310,0
1709522633.383713,0
1709522633.420460,0
1709522633.444954,0
1709522633.473761,0
1709522633.527339,0
1709522633.563421,0
1709522633.583607,0
1709522633.636621,0
1709522633.670867,0
1709522633.721505,0
1709522633.748462,0
1709522633.770969,0
1709522633.793994,0
1709522633.814827,0
1709522633.840130,0
1709522633.864965,0
1709522633.896992,0
1709522633.921303,0
1709522633.959603,0
1709522633.993275,0
1709522634.024037,0
1709522634.049900,0
1709522634.075939,0
1709522634.095906,0
1709522634.117781,0
1709522634.139261,0
1709522634.217108,0
1709522634.263733,0
1709522634.304640,0
1709522634.327291,0
1709522634.396506,0
1709522634.464969,0
1709522634.483642,0
1709522634.508150,0
1709522634.525379,0
1709522634.551753,0
1709522634.607538,0
1709522634.632356,0
1709522634.670155,0
1709522634.702885,0
1709522634.722816,0
1709522634.758824,0
1709522634.784615,0
1709522634.811547,0
1709522634.848101,0
1709522634.875468,0
1709522634.898223,0
1709522634.927428,0
1709522634.955066,0
1709522634.979764,0
1709522635.004588,0
1709522635.026074,0
1709522635.047756,0
1709522635.081086,0
1709522635.107835,0
1709522635.139210,0
1709522635.173870,0
1709522635.206543,0
1709522635.252081,0
1709522635.275859,0
1709522635.301884,0
1709522635.371626,0
1709522635.405990,0
1709522635.449544,0
1709522635.481587,0
1709522635.514612,0
1709522635.538947,0
1709522635.565536,0
1709522635.626370,0
1709522635.655262,0
1709522635.676649,0
1709522635.718810,0
1709522635.742268,0
1709522635.805449,0
1709522635.828918,0
1709522635.848028,0
1709522635.875681,0
1709522635.906615,0
1709522635.936194,0
1709522635.968654,0
1709522635.989192,0
1709522636.013443,0
1709522636.037446,0
1709522636.086688,0
1709522636.108075,0
1709522636.145654,0
1709522636.170624,0
1709522636.190119,0
1709522636.216926,0
1709522636.272047,0
1709522636.292825,0
1709522636.345317,0
1709522636.378573,0
1709522636.417046,0
1709522636.441579,0
1709522636.488450,0
1709522636.539968,0
1709522636.563508,0
1709522636.603076,0
1709522636.651389,0
1709522636.708023,0
1709522636.759777,0
1709522636.779053,0
1709522636.814267,0
1709522636.838778,0
1709522636.877332,0
1709522636.905413,0
1709522636.926552,0
1709522636.953387,0
1709522636.989311,0
1709522637.018681,0
1709522637.068738,0
1709522637.087935,0
1709522637.108409,0
1709522637.133881,0
1709522637.174481,0
1709522637.208356,0
1709522637.231650,0
1709522637.255033,0
1709522637.280477,0
1709522637.305386,0
1709522637.338425,0
1709522637.392568,0
1709522637.420809,0
1709522637.451515,0
1709522637.473174,0
1709522637.514703,0
1709522637.537072,0
1709522637.583732,0
1709522637.606656,0
1709522637.636966,0
1709522637.656439,0
1709522637.721219,0
1709522637.746846,0
1709522637.765512,0
1709522637.788042,0
1709522637.824123,0
1709522637.856493,0
1709522637.885648,0
1709522637.930645,0
1709522637.949552,0
1709522637.979891,0
1709522638.008968,0
1709522638.080315,0
1709522638.102271,0
1709522638.137115,0
1709522638.158598,0
1709522638.210310,0
1709522638.241175,0
1709522638.262750,0
1709522638.295084,0
1709522638.335609,0
1709522638.358927,0
1709522638.406882,0
1709522638.433854,0
1709522638.458504,0
1709522638.503124,0
1709522638.522919,0
1709522638.561803,0
1709522638.591946,0
1709522638.642123,0
1709522638.685548,0
1709522638.709180,0
1709522638.740443,0
1709522638.761591,0
1709522638.785644,0
1709522638.805631,0
1709522638.826630,0
1709522638.849991,0
1709522638.900227,0
1709522638.922624,0
1709522638.942711,0
1709522638.961684,0
1709522638.981810,0
1709522639.003659,0
1709522639.036556,0
1709522639.063895,0
1709522639.084047,0
1709522639.141886,0
1709522639.166433,0
1709522639.187725,0
1709522639.206894,0
1709522639.273950,0
1709522639.313987,0
1709522639.334657,0
1709522639.357649,0
1709522639.377510,0
1709522639.403017,0
1709522639.424930,0
1709522639.491061,0
1709522639.514580,0
1709522639.536920,0
1709522639.569599,0
1709522639.610550,0
1709522639.632213,0
1709522639.663898,0
1709522639.686836,0
1709522639.708250,0
1709522639.734682,0
1709522639.773531,0
1709522639.800829,0
1709522639.823386,0
1709522639.873639,0
1709522639.900720,0
1709522639.933700,0
1709522639.954344,0
1709522640.001612,0
1709522640.026631,0
1709522640.084314,0
1709522640.125560,0
1709522640.153403,0
1709522640.200847,0
1709522640.231428,0
1709522640.273222,0
1709522640.294444,0
1709522640.325189,0
1709522640.359071,0
1709522640.409034,0
1709522640.431854,0
1709522640.464791,0
1709522640.488263,0
1709522640.517752,0
1709522640.559606,0
1709522640.589419,0
1709522640.649392,0
1709522640.673356,0
1709522640.698315,0
1709522640.783891,0
1709522640.803659,0
1709522640.855497,0
1709522640.888087,0
1709522640.914654,0
1709522640.958231,0
1709522640.979944,0
1709522641.014470,0
1709522641.065097,0
1709522641.086716,0
1709522641.115362,0
1709522641.158362,0
1709522641.195874,0
1709522641.248886,0
1709522641.285957,0
1709522641.340667,0
1709522641.360561,0
1709522641.396422,0
1709522641.430381,0
1709522641.455994,0
1709522641.502487,0
1709522641.540776,0
1709522641.563629,0
1709522641.594931,0
1709522641.646883,0
1709522641.674319,0
1709522641.701398,0
1709522641.750098,0
1709522641.789614,0
1709522641.812850,0
1709522641.865742,0
1709522641.888424,0
1709522641.909243,0
1709522641.931050,0
1709522641.984852,0
1709522642.011508,0
1709522642.053341,0
1709522642.077270,0
1709522642.097160,0
1709522642.117628,0
1709522642.136980,0
1709522642.209203,0
1709522642.242641,0
1709522642.270346,0
1709522642.294230,0
1709522642.314232,0
1709522642.367666,0
1709522642.394547,0
1709522642.431055,0
1709522642.453286,0
1709522642.478482,0
1709522642.521539,0
1709522642.560406,0
1709522642.597035,0
1709522642.636831,0
1709522642.662826,0
1709522642.691907,0
1709522642.745104,0
1709522642.795447,0
1709522642.821749,0
1709522642.880647,0
1709522642.921085,0
1709522642.942188,0
1709522642.962795,0
1709522642.982679,0
1709522643.004243,0
1709522643.025405,0
1709522643.080641,0
1709522643.100148,0
1709522643.141891,0
1709522643.163467,0
1709522643.185326,0
1709522643.207537,0
1709522643.237664,0
1709522643.262908,0
1709522643.302425,0
1709522643.323269,0
1709522643.354043,0
1709522643.379074,0
1709522643.403843,0
1709522643.453167,0
1709522643.508008,0
1709522643.537140,0
1709522643.566830,0
1709522643.589705,0
1709522643.645128,0
1709522643.674969,0
1709522643.720490,0
1709522643.744746,0
1709522643.768060,0
1709522643.848250,0
1709522643.872886,0
1709522643.897418,0
1709522643.917477,0
1709522643.982888,0
1709522644.027502,0
1709522644.051114,0
1709522644.094494,0
1709522644.119416,0
1709522644.156655,0
1709522644.179537,0
1709522644.216318,0
1709522644.266979,0
1709522644.328262,0
1709522644.351057,0
1709522644.389005,0
1709522644.414588,0
1709522644.464651,0
1709522644.484779,0
1709522644.505600,0
1709522644.535074,0
1709522644.577197,0
1709522644.610942,0
1709522644.641465,0
1709522644.666636,0
1709522644.689814,0
1709522644.752290,0
1709522644.772778,0
1709522644.827898,0
1709522644.857057,0
1709522644.888075,0
1709522644.931955,0
1709522644.983383,0
1709522645.026275,0
1709522645.049051,0
1709522645.070947,0
1709522645.097511,0
1709522645.142040,0
1709522645.184662,0
1709522645.217299,0
1709522645.241198,0
1709522645.287604,0
1709522645.308139,0
1709522645.368158,0
1709522645.401264,0
1709522645.429790,0
1709522645.453804,0
1709522645.492642,0
1709522645.523864,0
1709522645.551246,0
1709522645.589939,0
1709522645.643663,0
1709522645.665506,0
1709522645.720124,0
1709522645.772932,0
1709522645.794198,0
1709522645.823597,0
1709522645.850452,0
1709522645.891665,0
1709522645.924131,0
1709522645.974565,0
1709522645.995900,0
1709522646.014785,0
1709522646.035815,0
1709522646.055657,0
1709522646.078232,0
1709522646.120507,0
1709522646.148050,0
1709522646.179092,0
1709522646.221081,0
1709522646.242813,0
1709522646.271224,0
1709522646.296373,0
1709522646.332692,0
1709522646.361099,0
1709522646.404947,0
1709522646.442833,0
1709522646.478152,0
1709522646.499441,0
1709522646.550949,0
1709522646.575799,0
1709522646.626894,0
1709522646.668455,0
1709522646.688108,0
1709522646.745877,0
1709522646.783252,0
1709522646.814122,0
1709522646.843636,0
1709522646.874544,0
1709522646.955168,0
1709522646.974358,0
1709522647.008866,0
1709522647.048483,0
1709522647.086692,0
1709522647.115635,0
1709522647.159634,0
1709522647.192094,0
1709522647.214130,0
1709522647.267208,0
1709522647.316201,0
1709522647.338175,0
1709522647.367699,0
1709522647.438696,0
1709522647.469592,0
1709522647.505958,0
1709522647.540894,0
1709522647.579237,0
1709522647.605658,0
1709522647.627853,0
1709522647.673111,0
1709522647.694655,0
1709522647.715672,0
1709522647.741453,0
1709522647.786925,0
1709522647.821788,0
1709522647.847633,0
1709522647.868750,0
1709522647.889559,0
1709522647.913275,0
1709522647.967647,0
1709522648.001809,0
1709522648.023317,0
1709522648.048640,0
1709522648.068508,0
1709522648.101243,0
1709522648.124658,0
1709522648.182688,0
1709522648.228372,0
1709522648.247853,0
1709522648.289778,0
1709522648.312058,0
1709522648.369994,0
1709522648.414317,0
1709522648.436141,0
1709522648.457384,0
1709522648.484478,0
1709522648.507148,0
1709522648.530922,0
1709522648.562884,0
1709522648.600554,0
1709522648.639548,0
1709522648.681816,0
1709522648.706323,0
1709522648.733910,0
1709522648.761073,0
1709522648.781332,0
1709522648.843280,0
1709522648.874875,0
1709522648.898658,0
1709522648.923302,0
1709522648.983518,0
1709522649.024941,0
1709522649.049863,0
1709522649.087913,0
1709522649.110234,0
1709522649.147159,0
1709522649.170867,0
1709522649.216946,0
1709522649.238851,0
1709522649.260382,0
1709522649.283714,0
1709522649.308751,0
1709522649.335051,0
1709522649.369223,0
1709522649.401731,0
1709522649.430421,0
1709522649.478708,0
1709522649.507888,0
1709522649.526291,0
1709522649.552942,0
1709522649.591968,0
1709522649.611829,0
1709522649.644092,0
1709522649.665191,0
1709522649.690355,0
1709522649.777564,0
1709522649.809566,0
1709522649.832127,0
1709522649.899051,0
1709522649.926246,0
1709522649.957104,0
1709522649.981497,0
1709522650.032561,0
1709522650.050756,0
1709522650.084727,0
1709522650.125992,0
1709522650.157356,0
1709522650.178668,0
1709522650.206124,0
1709522650.271096,0
1709522650.295749,0
1709522650.328904,0
1709522650.354619,0
1709522650.403111,0
1709522650.426738,0
1709522650.463745,0
1709522650.483821,0
1709522650.506323,0
1709522650.567469,0
1709522650.616896,0
1709522650.644897,0
1709522650.738657,0
1709522650.767390,0
1709522650.795105,0
1709522650.830933,0
1709522650.861268,0
1709522650.898369,0
1709522650.921519,0
1709522650.951913,0
1709522650.977600,0
1709522651.017373,0
1709522651.037682,0
1709522651.064811,0
1709522651.099847,0
1709522651.138881,0
1709522651.182364,0
1709522651.208430,0
1709522651.229319,0
1709522651.289818,0
1709522651.335574,0
1709522651.367565,0
1709522651.393225,0
1709522651.462434,0
1709522651.497318,0
1709522651.555822,0
1709522651.606133,0
1709522651.636693,0
1709522651.659935,0
1709522651.759154,0
1709522651.778878,0
1709522651.806818,0
1709522651.828568,0
1709522651.915075,0
1709522651.941194,0
1709522651.968016,0
1709522651.990535,0
1709522652.049882,0
1709522652.097231,0
1709522652.119766,0
1709522652.166847,0
1709522652.214649,0
1709522652.254428,0
1709522652.276283,0
1709522652.314236,0
1709522652.337665,0
1709522652.369437,0
1709522652.390507,0
1709522652.448330,0
1709522652.476699,0
1709522652.515336,0
1709522652.550214,0
1709522652.576384,0
1709522652.603922,0
1709522652.624671,0
1709522652.650241,0
1709522652.706922,0
1709522652.731570,0
1709522652.751546,0
1709522652.780321,0
1709522652.816347,0
1709522652.862709,0
1709522652.887144,0
1709522652.912845,0
1709522652.955003,0
1709522652.977957,0
1709522652.996984,0
1709522653.020629,0
1709522653.052729,0
1709522653.076059,0
1709522653.100275,0
1709522653.157392,0
1709522653.183500,0
1709522653.206476,0
1709522653.226489,0
1709522653.277480,0
1709522653.301105,0
1709522653.338455,0
1709522653.400703,0
1709522653.424371,0
1709522653.481757,0
1709522653.507496,0
1709522653.543119,0
1709522653.566095,0
1709522653.606749,0
1709522653.629037,0
1709522653.682215,0
1709522653.707343,0
1709522653.744791,0
1709522653.774486,0
1709522653.828516,0
1709522653.869704,0
1709522653.906406,0
1709522653.928747,0
1709522653.955718,0
1709522654.001012,0
1709522654.022215,0
1709522654.052200,0
1709522654.070321,0
1709522654.130156,0
1709522654.174839,0
1709522654.194149,0
1709522654.233922,0
1709522654.278197,0
1709522654.301856,0
1709522654.329853,0
1709522654.377744,0
1709522654.407219,0
1709522654.427830,0
1709522654.460397,0
1709522654.486935,0
1709522654.534812,0
1709522654.580170,0
1709522654.599895,0
1709522654.626999,0
1709522654.678106,0
1709522654.702252,0
1709522654.734123,0
1709522654.766613,0
1709522654.791842,0
1709522654.854198,0
1709522654.872470,0
1709522654.938889,0
1709522654.971992,0
1709522655.016659,0
1709522655.040235,0
1709522655.100574,0
1709522655.124053,0
1709522655.150945,0
1709522655.195406,0
1709522655.216175,0
1709522655.235936,0
1709522655.268785,0
1709522655.293413,0
1709522655.368154,0
1709522655.413266,0
1709522655.446052,0
1709522655.474444,0
1709522655.497245,0
1709522655.533682,0
1709522655.571989,0
1709522655.595070,0
1709522655.653048,0
1709522655.687919,0
1709522655.706167,0
1709522655.730159,0
1709522655.792199,0
1709522655.847683,0
1709522655.874856,0
1709522655.901817,0
1709522655.961045,0
1709522655.986894,0
1709522656.013749,0
1709522656.065192,0
1709522656.090465,0
1709522656.125822,0
1709522656.186283,0
1709522656.209141,0
1709522656.242101,0
1709522656.280091,0
1709522656.308316,0
1709522656.363448,0
1709522656.388316,0
1709522656.453524,0
1709522656.481751,0
1709522656.504091,0
1709522656.556628,0
1709522656.622157,0
1709522656.647906,0
1709522656.684771,0
1709522656.707816,0
1709522656.747202,0
1709522656.770948,0
1709522656.824491,0
1709522656.861141,0
1709522656.882030,0
1709522656.907438,0
1709522656.933950,0
1709522656.953854,0
1709522656.985399,0
1709522657.026916,0
1709522657.058708,0
1709522657.081498,0
1709522657.140519,0
1709522657.183927,0
1709522657.239986,0
1709522657.294779,0
1709522657.323708,0
1709522657.353115,0
1709522657.401795,0
1709522657.437922,0
1709522657.459059,0
1709522657.487186,0
1709522657.537441,0
1709522657.598561,0
1709522657.623801,0
1709522657.654749,0
1709522657.710094,0
1709522657.759004,0
1709522657.780886,0
1709522657.835415,0
1709522657.858816,0
1709522657.878700,0
1709522657.901961,0
1709522657.936510,0
1709522657.992144,0
1709522658.052895,0
1709522658.072272,0
1709522658.093112,0
1709522658.125703,0
1709522658.149189,0
1709522658.196026,0
1709522658.221939,0
1709522658.276692,0
1709522658.299028,0
1709522658.322351,0
1709522658.343386,0
1709522658.392618,0
1709522658.416795,0
1709522658.452118,0
1709522658.473438,0
1709522658.517078,0
1709522658.555414,0
1709522658.580468,0
1709522658.600413,0
1709522658.624608,0
1709522658.682619,0
1709522658.703986,0
1709522658.728989,0
1709522658.805860,0
1709522658.835586,0
1709522658.868802,0
1709522658.894791,0
1709522658.923411,0
1709522658.966451,0
1709522658.991647,0
1709522659.016885,0
1709522659.071253,0
1709522659.101099,0
1709522659.127901,0
1709522659.149353,0
1709522659.176501,0
1709522659.201966,0
1709522659.227639,0
1709522659.297614,0
1709522659.382917,0
1709522659.428374,0
1709522659.456536,0
1709522659.490321,0
1709522659.545783,0
1709522659.624308,0
1709522659.647627,0
1709522659.674931,0
1709522659.706529,0
1709522659.731803,0
1709522659.757123,0
1709522659.808478,0
1709522659.829915,0
1709522659.852098,0
1709522659.892674,0
1709522659.918461,0
1709522659.940393,0
1709522659.960329,0
1709522659.983586,0
1709522660.014621,0
1709522660.069508,0
1709522660.089499,0
1709522660.143287,0
1709522660.165549,0
1709522660.194880,0
1709522660.221608,0
1709522660.288786,0
1709522660.317143,0
1709522660.351909,0
1709522660.390391,0
1709522660.413392,0
1709522660.433127,0
1709522660.468990,0
1709522660.513844,0
1709522660.552372,0
1709522660.573639,0
1709522660.616452,0
1709522660.642487,0
1709522660.681816,0
1709522660.705435,0
1709522660.751598,0
1709522660.795105,0
1709522660.820540,0
1709522660.857205,0
1709522660.910465,0
1709522660.940236,0
1709522660.964391,0
1709522660.997715,0
1709522661.020250,0
1709522661.051243,0
1709522661.079394,0
1709522661.123695,0
1709522661.153528,0
1709522661.176686,0
1709522661.206974,0
1709522661.245343,0
1709522661.267383,0
1709522661.286015,0
1709522661.312260,0
1709522661.362153,0
1709522661.392295,0
1709522661.415154,0
1709522661.477207,0
1709522661.499030,0
1709522661.525532,0
1709522661.546895,0
1709522661.607878,0
1709522661.643364,0
1709522661.670412,0
1709522661.705683,0
1709522661.725425,0
1709522661.751184,0
1709522661.783930,0
1709522661.815464,0
1709522661.836503,0
1709522661.862926,0
1709522661.893090,0
1709522661.912707,0
1709522661.976594,0
1709522661.995816,0
1709522662.029670,0
1709522662.069926,0
1709522662.105060,0
1709522662.141209,0
1709522662.184998,0
1709522662.213605,0
1709522662.233490,0
1709522662.261162,0
1709522662.319133,0
1709522662.347942,0
1709522662.388629,0
1709522662.427126,0
1709522662.449297,0
1709522662.475059,0
1709522662.509370,0
1709522662.542562,0
1709522662.587056,0
1709522662.606761,0
1709522662.650161,0
1709522662.724554,0
1709522662.745947,0
1709522662.815392,0
1709522662.851222,0
1709522662.874696,0
1709522662.923866,0
1709522662.994281,0
1709522663.016684,0
1709522663.055298,0
1709522663.080745,0
1709522663.103213,0
1709522663.148081,0
1709522663.191997,0
1709522663.218668,0
1709522663.245669,0
1709522663.274683,0
1709522663.319485,0
1709522663.381594,0
1709522663.406605,0
1709522663.438519,0
1709522663.492481,0
1709522663.527248,0
1709522663.563731,0
1709522663.593316,0
1709522663.612668,0
1709522663.667199,0
1709522663.696397,0
1709522663.742446,0
1709522663.763031,0
1709522663.792125,0
1709522663.857406,0
1709522663.886301,0
1709522663.909150,0
1709522663.969977,0
1709522663.991218,0
1709522664.048412,0
1709522664.078962,0
1709522664.102504,0
1709522664.152971,0
1709522664.177843,0
1709522664.199782,0
1709522664.257530,0
1709522664.283315,0
1709522664.313264,0
1709522664.357936,0
1709522664.384084,0
1709522664.440371,0
1709522664.466364,0
1709522664.490286,0
1709522664.551597,0
1709522664.577114,0
1709522664.603396,0
1709522664.625677,0
1709522664.653162,0
1709522664.689164,0
1709522664.711750,0
1709522664.766817,0
1709522664.796271,0
1709522664.842827,0
1709522664.884378,0
1709522664.918140,0
1709522664.972071,0
1709522664.997424,0
1709522665.020070,0
1709522665.037738,0
1709522665.066307,0
1709522665.102080,0
1709522665.150825,0
1709522665.175326,0
1709522665.218278,0
1709522665.278592,0
1709522665.308439,0
1709522665.333051,0
1709522665.381062,0
1709522665.425339,0
1709522665.446621,0
1709522665.482000,0
1709522665.544993,0
1709522665.595083,0
1709522665.618202,0
1709522665.640583,0
1709522665.674987,0
1709522665.701208,0
1709522665.734329,0
1709522665.761939,0
1709522665.811227,0
1709522665.835242,0
1709522665.881518,0
1709522665.907014,0
1709522665.938835,0
1709522665.958424,0
1709522665.979073,0
1709522666.031537,0
1709522666.063232,0
1709522666.117265,0
1709522666.139357,0
1709522666.168938,0
1709522666.221148,0
1709522666.258351,0
1709522666.285922,0
1709522666.308470,0
1709522666.364741,0
1709522666.386993,0
1709522666.436185,0
1709522666.482244,0
1709522666.504462,0
1709522666.556627,0
1709522666.585668,0
1709522666.611701,0
1709522666.635845,0
1709522666.712883,0
1709522666.747120,0
1709522666.772221,0
1709522666.791850,0
1709522666.842993,0
1709522666.871059,0
1709522666.897085,0
1709522666.955662,0
1709522666.981458,0
1709522667.001180,0
1709522667.027699,0
1709522667.050885,0
1709522667.133429,0
1709522667.182998,0
1709522667.228017,0
1709522667.252932,0
1709522667.276037,0
1709522667.301960,0
1709522667.326526,0
1709522667.395726,0
1709522667.415286,0
1709522667.442601,0
1709522667.470449,0
1709522667.510751,0
1709522667.531838,0
1709522667.565845,0
1709522667.595531,0
1709522667.620781,0
1709522667.671811,0
1709522667.696268,0
1709522667.739642,0
1709522667.786323,0
1709522667.822101,0
1709522667.851850,0
1709522667.894047,0
1709522667.941454,0
1709522667.966837,0
1709522668.000362,0
1709522668.021878,0
1709522668.066367,0
1709522668.092538,0
1709522668.116574,0
1709522668.165124,0
1709522668.188483,0
1709522668.212019,0
1709522668.232369,0
1709522668.278984,0
1709522668.305549,0
1709522668.335441,0
1709522668.372336,0
1709522668.419617,0
1709522668.489550,0
1709522668.516021,0
1709522668.542942,0
1709522668.563412,0
1709522668.591725,0
1709522668.653655,0
1709522668.679273,0
1709522668.738945,0
1709522668.758986,0
1709522668.788508,0
1709522668.817872,0
1709522668.855873,0
1709522668.876442,0
1709522668.933168,0
1709522668.969664,0
1709522668.995058,0
1709522669.031219,0
1709522669.053435,0
1709522669.092329,0
1709522669.115072,0
1709522669.140967,0
1709522669.198555,0
1709522669.220124,0
1709522669.240663,0
1709522669.261544,0
1709522669.284527,0
1709522669.348480,0
1709522669.384342,0
1709522669.409809,0
1709522669.434898,0
1709522669.459771,0
1709522669.481539,0
1709522669.503887,0
1709522669.566898,0
1709522669.598662,0
1709522669.623135,0
1709522669.654077,0
1709522669.689024,0
1709522669.739841,0
1709522669.761417,0
1709522669.827055,0
1709522669.854065,0
1709522669.877398,0
1709522669.904454,0
1709522669.963962,1
1709522669.991187,0
1709522670.050112,0
1709522670.085522,0
1709522670.150841,0
1709522670.178894,0
1709522670.208353,0
1709522670.261519,0
1709522670.297670,0
1709522670.329538,0
1709522670.354935,0
1709522670.376370,0
1709522670.416563,0
1709522670.446924,0
1709522670.469429,0
1709522670.523037,0
1709522670.570241,0
1709522670.591539,0
1709522670.645341,0
1709522670.681441,0
1709522670.726652,0
1709522670.762138,0
1709522670.812386,0
1709522670.832726,0
1709522670.884028,0
1709522670.914848,0
1709522670.938462,0
1709522671.016184,0
1709522671.041777,0
1709522671.064310,0
1709522671.108622,0
1709522671.142733,0
1709522671.164924,0
1709522671.191911,0
1709522671.226457,0
1709522671.261281,0
1709522671.282587,0
1709522671.335740,0
1709522671.362661,0
1709522671.385338,0
1709522671.415410,0
1709522671.474654,0
1709522671.494632,0
1709522671.520499,0
1709522671.551163,0
1709522671.570725,0
1709522671.613586,0
1709522671.647475,0
1709522671.704652,0
1709522671.727971,0
1709522671.750133,0
1709522671.808170,0
1709522671.843432,0
1709522671.899198,0
1709522671.958920,0
1709522671.984281,0
1709522672.005332,0
1709522672.063760,0
1709522672.102254,0
1709522672.139973,0
1709522672.168580,0
1709522672.191914,0
1709522672.237379,0
1709522672.263830,0
1709522672.316046,0
1709522672.337718,0
1709522672.366709,0
1709522672.387706,0
1709522672.444369,0
1709522672.469911,0
1709522672.515373,0
1709522672.536315,0
1709522672.576304,0
1709522672.619711,0
1709522672.645898,0
1709522672.698130,0
1709522672.719191,0
1709522672.764514,0
1709522672.802705,0
1709522672.837066,0
1709522672.871016,0
1709522672.897599,0
1709522672.929480,0
1709522672.966309,0
1709522672.985846,0
1709522673.010691,0
1709522673.031028,0
1709522673.052101,0
1709522673.078471,0
1709522673.100505,0
1709522673.133297,0
1709522673.153857,0
1709522673.172102,0
1709522673.214396,0
1709522673.248911,0
1709522673.268919,0
1709522673.303250,0
1709522673.336871,0
1709522673.372131,0
1709522673.414475,0
1709522673.436166,0
1709522673.458484,0
1709522673.487042,0
1709522673.510859,0
1709522673.536610,0
1709522673.561457,0
1709522673.579728,0
1709522673.635445,0
1709522673.659996,0
1709522673.698367,0
1709522673.723763,0
1709522673.765138,0
1709522673.820822,0
1709522673.845365,0
1709522673.870348,0
1709522673.914732,0
1709522673.935338,0
1709522673.958683,0
1709522673.983070,0
1709522674.020602,0
1709522674.048593,0
1709522674.084203,0
1709522674.108080,0
1709522674.125562,0
1709522674.146899,0
1709522674.200517,0
1709522674.218213,0
1709522674.258030,0
1709522674.292731,0
1709522674.322476,0
1709522674.344150,0
1709522674.387942,0
1709522674.424889,0
1709522674.464421,0
1709522674.484332,0
1709522674.513123,0
1709522674.536895,0
1709522674.595347,0
1709522674.622522,0
1709522674.671226,0
1709522674.698381,0
1709522674.721657,0
1709522674.770512,0
1709522674.806205,0
1709522674.851064,0
1709522674.885244,0
1709522674.911675,0
1709522674.966433,0
1709522674.988219,0
1709522675.029640,0
1709522675.054629,0
1709522675.080752,0
1709522675.112947,0
1709522675.138972,0
1709522675.162091,0
1709522675.185586,0
1709522675.223793,0
1709522675.254751,0
1709522675.275034,0
1709522675.297397,0
1709522675.325160,0
1709522675.374022,0
1709522675.400886,0
1709522675.431747,0
1709522675.454499,0
1709522675.481067,0
1709522675.505351,0
1709522675.527688,0
1709522675.576203,0
1709522675.596735,0
1709522675.653792,0
1709522675.673093,0
1709522675.711646,0
1709522675.736341,0
1709522675.772876,0
1709522675.798431,0
1709522675.854291,0
1709522675.887523,0
1709522675.909323,0
1709522675.971598,0
1709522676.013571,0
1709522676.053360,0
1709522676.090302,0
1709522676.114733,0
1709522676.137496,0
1709522676.164915,0
1709522676.201258,0
1709522676.224187,0
1709522676.267194,0
1709522676.308466,0
1709522676.349721,0
1709522676.379150,0
1709522676.420427,0
1709522676.441429,0
1709522676.467424,0
1709522676.492567,0
1709522676.513990,0
1709522676.570662,0
1709522676.620200,0
1709522676.663488,0
1709522676.684480,0
1709522676.731963,0
1709522676.778909,0
1709522676.799399,0
1709522676.820636,0
1709522676.855165,0
1709522676.875021,0
1709522676.901247,0
1709522676.938077,0
1709522676.963010,0
1709522676.988396,0
1709522677.041640,0
1709522677.078238,0
1709522677.102255,0
1709522677.122641,0
1709522677.144653,0
1709522677.181309,0
1709522677.202662,0
1709522677.233257,0
1709522677.285625,0
1709522677.311515,0
1709522677.335015,0
1709522677.382282,0
1709522677.407740,0
1709522677.430114,0
1709522677.491363,0
1709522677.517994,0
1709522677.554221,0
1709522677.585749,0
1709522677.605278,0
1709522677.665838,0
1709522677.690734,0
1709522677.745685,0
1709522677.772418,0
1709522677.796212,0
1709522677.829438,0
1709522677.856586,0
1709522677.885580,0
1709522677.935693,0
1709522677.957790,0
1709522677.981855,0
1709522678.017848,0
1709522678.064325,0
1709522678.091123,0
1709522678.120474,0
1709522678.165651,0
1709522678.200647,0
1709522678.223110,0
1709522678.255625,0
1709522678.306803,0
1709522678.327402,0
1709522678.369416,0
1709522678.423413,0
1709522678.482788,0
1709522678.508204,0
1709522678.533979,0
1709522678.569182,0
1709522678.633040,0
1709522678.656603,0
1709522678.686445,0
1709522678.708449,0
1709522678.759562,0
1709522678.799595,0
1709522678.820777,0
1709522678.883232,0
1709522678.910280,0
1709522678.964616,0
1709522678.997766,0
1709522679.018294,0
1709522679.055259,0
1709522679.100250,0
1709522679.121086,0
1709522679.169601,0
1709522679.209274,0
1709522679.238888,0
1709522679.260628,0
1709522679.297355,0
1709522679.320713,0
1709522679.349292,0
1709522679.371713,0
1709522679.429311,0
1709522679.450585,0
1709522679.502520,0
1709522679.536366,0
1709522679.557359,0
1709522679.613881,0
1709522679.651691,0
1709522679.683316,0
1709522679.716635,0
1709522679.751143,0
1709522679.797410,0
1709522679.844516,0
1709522679.866164,0
1709522679.905630,0
1709522679.948707,0
1709522679.977911,0
1709522680.030068,0
1709522680.059309,0
1709522680.113190,0
1709522680.135506,0
1709522680.156296,0
1709522680.182572,0
1709522680.260392,0
1709522680.285623,0
1709522680.349453,0
1709522680.370049,0
1709522680.397960,0
1709522680.424197,0
1709522680.467127,0
1709522680.536190,0
1709522680.565477,0
1709522680.591102,0
1709522680.650314,0
1709522680.674842,0
1709522680.717591,0
1709522680.740005,0
1709522680.768648,0
1709522680.788557,0
1709522680.808591,0
1709522680.832425,0
1709522680.883040,0
1709522680.905965,0
1709522680.951468,0
1709522680.972578,0
1709522680.995936,0
1709522681.027604,0
1709522681.126604,0
1709522681.161731,0
1709522681.185188,0
1709522681.232446,0
1709522681.280424,0
1709522681.326692,0
1709522681.353702,0
1709522681.382671,0
1709522681.459175,0
1709522681.480299,0
1709522681.505051,0
1709522681.533046,0
1709522681.578875,0
1709522681.631832,0
1709522681.658181,0
1709522681.679651,0
1709522681.727984,0
1709522681.775069,0
1709522681.801089,0
1709522681.839985,0
1709522681.897847,0
1709522681.967103,0
1709522681.993091,0
1709522682.022260,0
1709522682.046919,0
1709522682.079460,0
1709522682.103780,0
1709522682.127096,0
1709522682.170077,0
1709522682.202962,0
1709522682.224507,0
1709522682.254421,0
1709522682.329071,0
1709522682.350407,0
1709522682.406512,0
1709522682.446811,0
1709522682.475605,0
1709522682.500795,0
1709522682.552608,0
1709522682.604891,0
1709522682.625014,0
1709522682.653453,0
1709522682.675915,0
1709522682.697225,0
1709522682.753843,0
1709522682.777641,0
1709522682.823415,0
1709522682.848566,0
1709522682.883153,0
1709522682.903119,0
1709522682.949025,0
1709522682.969353,0
1709522682.991340,0
1709522683.016555,0
1709522683.043374,0
1709522683.097007,0
1709522683.161703,0
1709522683.181831,0
1709522683.213176,0
1709522683.232549,0
1709522683.273664,0
1709522683.304806,0
1709522683.346043,0
1709522683.375548,0
1709522683.398343,0
1709522683.421398,0
1709522683.480169,0
1709522683.515658,0
1709522683.536116,0
1709522683.561395,0
1709522683.604241,0
1709522683.666563,0
1709522683.696223,0
1709522683.720886,0
1709522683.779860,0
1709522683.810539,0
1709522683.832410,0
1709522683.854146,0
1709522683.878449,0
1709522683.921879,0
1709522683.944082,0
1709522683.975329,0
1709522684.045773,0
1709522684.094107,0
1709522684.129547,0
1709522684.151554,0
1709522684.171986,0
1709522684.202206,0
1709522684.244946,0
1709522684.296979,0
1709522684.317359,0
1709522684.339638,0
1709522684.367150,0
1709522684.409258,0
1709522684.443546,0
1709522684.468044,0
1709522684.492585,0
1709522684.552014,0
1709522684.595620,0
1709522684.623384,0
1709522684.671177,0
1709522684.694785,0
1709522684.717699,0
1709522684.740786,0
1709522684.804996,0
1709522684.844488,0
1709522684.894648,0
1709522684.919862,0
1709522684.945473,0
1709522685.000861,0
1709522685.052107,0
1709522685.075793,0
1709522685.097349,0
1709522685.137647,0
1709522685.174606,0
1709522685.235615,0
1709522685.255609,0
1709522685.275745,0
1709522685.333593,0
1709522685.406757,0
1709522685.430809,0
1709522685.453715,0
1709522685.476335,0
1709522685.503141,0
1709522685.536478,0
1709522685.573089,0
1709522685.596818,0
1709522685.618475,0
1709522685.643043,0
1709522685.673591,0
1709522685.715481,0
1709522685.745755,0
1709522685.791382,0
1709522685.838513,0
1709522685.892845,0
1709522685.916256,0
1709522685.944447,0
1709522685.982875,0
1709522686.019321,0
1709522686.062031,0
1709522686.096911,0
1709522686.117470,0
1709522686.139825,0
1709522686.175149,0
1709522686.209339,0
1709522686.251090,0
1709522686.272909,0
1709522686.304160,0
1709522686.324224,0
1709522686.348157,0
1709522686.402566,0
1709522686.461229,0
1709522686.492879,0
1709522686.541259,0
1709522686.596521,0
1709522686.625181,0
1709522686.647295,0
1709522686.668822,0
1709522686.689152,0
1709522686.714674,0
1709522686.759655,0
1709522686.797849,0
1709522686.838120,0
1709522686.869432,0
1709522686.901362,0
1709522686.921524,0
1709522686.942723,0
1709522686.968774,0
1709522687.000602,0
1709522687.067579,0
1709522687.092459,0
1709522687.157628,0
1709522687.177898,0
1709522687.211228,0
1709522687.236112,0
1709522687.268779,0
1709522687.297417,0
1709522687.320955,0
1709522687.358616,0
1709522687.379161,0
1709522687.398453,0
1709522687.421449,0
1709522687.451103,0
1709522687.485679,0
1709522687.513163,0
1709522687.557662,0
1709522687.579837,0
1709522687.615436,0
1709522687.637727,0
1709522687.680075,0
1709522687.699721,0
1709522687.770640,0
1709522687.798661,0
1709522687.821739,0
1709522687.872734,0
1709522687.891771,0
1709522687.949309,0
1709522687.971123,0
1709522687.994864,0
1709522688.016048,0
1709522688.053105,0
1709522688.089906,0
1709522688.112565,0
1709522688.145570,0
1709522688.168269,0
1709522688.200805,0
1709522688.222314,0
1709522688.275847,0
1709522688.341612,0
1709522688.376711,0
1709522688.406584,0
1709522688.460207,0
1709522688.489327,0
1709522688.508564,0
1709522688.529161,0
1709522688.554217,0
1709522688.578521,0
1709522688.632618,0
1709522688.667181,0
1709522688.687678,0
1709522688.709758,0
1709522688.735785,0
1709522688.786942,0
1709522688.809635,0
1709522688.859158,0
1709522688.888478,0
1709522688.910378,0
1709522688.975020,0
1709522689.024062,0
1709522689.051506,0
1709522689.073711,0
1709522689.093534,0
1709522689.153745,0
1709522689.178948,0
1709522689.201811,0
1709522689.239790,0
1709522689.263749,0
1709522689.289186,0
1709522689.308545,0
1709522689.360061,0
1709522689.407708,0
1709522689.429841,0
1709522689.463375,0
1709522689.505195,0
1709522689.531379,0
1709522689.567706,0
1709522689.594676,0
1709522689.626007,0
1709522689.669810,0
1709522689.698491,0
1709522689.750121,0
1709522689.777854,0
1709522689.798798,0
1709522689.821544,0
1709522689.874232,0
1709522689.918299,0
1709522689.940284,0
1709522689.976480,0
1709522690.004722,0
1709522690.060457,0
1709522690.084101,0
1709522690.110684,0
1709522690.163952,0
1709522690.190592,0
1709522690.215518,0
1709522690.245870,0
1709522690.281027,0
1709522690.306540,0
1709522690.340166,0
1709522690.358598,0
1709522690.416638,0
1709522690.460445,0
1709522690.482412,0
1709522690.509796,0
1709522690.537779,0
1709522690.588927,0
1709522690.635450,0
1709522690.658693,0
1709522690.690345,0
1709522690.732331,0
1709522690.783478,0
1709522690.819287,0
1709522690.901574,0
1709522690.942193,0
1709522690.975258,0
1709522690.996588,0
1709522691.047921,0
1709522691.096449,0
1709522691.137205,0
1709522691.181260,0
1709522691.237606,0
1709522691.261696,0
1709522691.287077,0
1709522691.321987,0
1709522691.355628,0
1709522691.381397,0
1709522691.416079,0
1709522691.448488,0
1709522691.475091,0
1709522691.515190,0
1709522691.547053,0
1709522691.566942,0
1709522691.618204,0
1709522691.656778,0
1709522691.708639,0
1709522691.730975,0
1709522691.787449,0
1709522691.813474,0
1709522691.838211,0
1709522691.884858,0
1709522691.905632,0
1709522691.952332,0
1709522691.980948,0
1709522692.002430,0
1709522692.067858,0
1709522692.101843,0
1709522692.139484,0
1709522692.173547,0
1709522692.195497,0
1709522692.236701,0
1709522692.260010,0
1709522692.293632,0
1709522692.326463,0
1709522692.348190,0
1709522692.394192,0
1709522692.424546,0
1709522692.486472,0
1709522692.505812,0
1709522692.530606,0
1709522692.559099,0
1709522692.611684,0
1709522692.651980,0
1709522692.688665,0
1709522692.711949,0
1709522692.736619,0
1709522692.800879,0
1709522692.842874,0
1709522692.864490,0
1709522692.910672,0
1709522692.946228,0
1709522692.986322,0
1709522693.007123,0
1709522693.027428,0
1709522693.071690,0
1709522693.139561,0
1709522693.183959,0
1709522693.205337,0
1709522693.232485,0
1709522693.264441,0
1709522693.301817,0
1709522693.339440,0
1709522693.375422,0
1709522693.408106,0
1709522693.446155,0
1709522693.492522,0
1709522693.513098,0
1709522693.554268,0
1709522693.583493,0
1709522693.611221,0
1709522693.632934,0
1709522693.654454,0
1709522693.679868,0
1709522693.714794,0
1709522693.758325,0
1709522693.780597,0
1709522693.837319,0
1709522693.868353,0
1709522693.889545,0
1709522693.944098,0
1709522694.004081,0
1709522694.045166,0
1709522694.096227,0
1709522694.149530,0
1709522694.180570,0
1709522694.201944,0
1709522694.223085,0
1709522694.247345,0
1709522694.286832,0
1709522694.307422,0
1709522694.358864,0
1709522694.379191,0
1709522694.407112,0
1709522694.439478,0
1709522694.458798,0
1709522694.480146,0
1709522694.540402,0
1709522694.575443,0
1709522694.596135,0
1709522694.630031,0
1709522694.655662,0
1709522694.726693,0
1709522694.754915,0
1709522694.778389,0
1709522694.827046,0
1709522694.849379,0
1709522694.870075,0
1709522694.917501,0
1709522694.946426,0
1709522694.970229,0
1709522695.005322,0
1709522695.033506,0
1709522695.092966,0
1709522695.122782,0
1709522695.149638,0
1709522695.175700,0
1709522695.249293,0
1709522695.286664,0
1709522695.311410,0
1709522695.336866,0
1709522695.394537,0
1709522695.448284,0
1709522695.468437,0
1709522695.501764,0
1709522695.529838,0
1709522695.563466,0
1709522695.610349,0
1709522695.644127,0
1709522695.668603,0
1709522695.691974,0
1709522695.717394,0
1709522695.782702,0
1709522695.805046,0
1709522695.842986,0
1709522695.865061,0
1709522695.889962,0
1709522695.913679,0
1709522695.976508,0
1709522695.996649,0
1709522696.049618,0
1709522696.081356,0
1709522696.102253,0
1709522696.133909,0
1709522696.157412,0
1709522696.200333,0
1709522696.219414,0
1709522696.260488,0
1709522696.283055,0
1709522696.316952,0
1709522696.337951,0
1709522696.360534,0
1709522696.430121,0
1709522696.471642,0
1709522696.519549,0
1709522696.539974,0
1709522696.560048,0
1709522696.591376,0
1709522696.636582,0
1709522696.694936,0
1709522696.718033,0
1709522696.739801,0
1709522696.810637,0
1709522696.870371,0
1709522696.894679,0
1709522696.932309,0
1709522696.965316,0
1709522697.007284,0
1709522697.043491,0
1709522697.068578,0
1709522697.092014,0
1709522697.129536,0
1709522697.178431,0
1709522697.201030,0
1709522697.240154,0
1709522697.264388,0
1709522697.287176,0
1709522697.337860,0
1709522697.358301,0
1709522697.420367,0
1709522697.457196,0
1709522697.487574,0
1709522697.541919,0
1709522697.573606,0
1709522697.608881,0
1709522697.646090,0
1709522697.707537,0
1709522697.735344,0
1709522697.799493,0
1709522697.830414,0
1709522697.855887,0
1709522697.890552,0
1709522697.924817,0
1709522697.951166,0
1709522698.003978,0
1709522698.026303,0
1709522698.071079,0
1709522698.089780,0
1709522698.111997,0
1709522698.140111,0
1709522698.188682,0
1709522698.210472,0
1709522698.255239,0
1709522698.284592,0
1709522698.316855,0
1709522698.349649,0
1709522698.371083,0
1709522698.420278,0
1709522698.444865,0
1709522698.502154,0
1709522698.534729,0
1709522698.567155,0
1709522698.592955,0
1709522698.627455,0
1709522698.682946,0
1709522698.752416,0
1709522698.783734,0
1709522698.804588,0
1709522698.847504,0
1709522698.885811,0
1709522698.905725,0
1709522698.953106,0
1709522698.979395,0
1709522698.999131,0
1709522699.030420,0
1709522699.100737,0
1709522699.122169,0
1709522699.141800,0
1709522699.164785,0
1709522699.193005,0
1709522699.225167,0
1709522699.277535,0
1709522699.317341,0
1709522699.355025,0
1709522699.390406,0
1709522699.415150,0
1709522699.468749,0
1709522699.487129,0
1709522699.525790,0
1709522699.549986,0
1709522699.583171,0
1709522699.611508,0
1709522699.658892,0
1709522699.690007,0
1709522699.715175,0
1709522699.737309,0
1709522699.766658,0
1709522699.816307,0
1709522699.842429,0
1709522699.911389,0
1709522699.930864,0
1709522699.972394,0
1709522700.016722,0
1709522700.077408,0
1709522700.123136,0
1709522700.168431,0
1709522700.209211,0
1709522700.229852,0
1709522700.258544,0
1709522700.292716,0
1709522700.316846,0
1709522700.357577,0
1709522700.381450,0
1709522700.408645,0
1709522700.444557,0
1709522700.466333,0
1709522700.515821,0
1709522700.537122,0
1709522700.559981,0
1709522700.609378,0
1709522700.629861,0
1709522700.651050,0
1709522700.679789,0
1709522700.723892,0
1709522700.746674,0
1709522700.776155,0
1709522700.837961,0
1709522700.875973,0
1709522700.900136,0
1709522700.924118,0
1709522700.985055,0
1709522701.008903,0
1709522701.049688,0
1709522701.072210,0
1709522701.092270,0
1709522701.117363,0
1709522701.165892,0
1709522701.208214,0
1709522701.280335,0
1709522701.304343,0
1709522701.353495,0
1709522701.380476,0
1709522701.400056,0
1709522701.420397,0
1709522701.456349,0
1709522701.487004,0
1709522701.509669,0
1709522701.544113,0
1709522701.568985,0
1709522701.592646,0
1709522701.641701,0
1709522701.677154,0
1709522701.706053,0
1709522701.751239,0
1709522701.777957,0
1709522701.799422,0
1709522701.826335,0
1709522701.885724,0
1709522701.907462,0
1709522701.948832,0
1709522701.972873,0
1709522701.991708,0
1709522702.016397,0
1709522702.038551,0
1709522702.096325,0
1709522702.124982,0
1709522702.163738,0
1709522702.186968,0
1709522702.219660,0
1709522702.296933,0
1709522702.325381,0
1709522702.376920,0
1709522702.398098,0
1709522702.424304,0
1709522702.453518,0
1709522702.488863,0
1709522702.513075,0
1709522702.547379,0
1709522702.568397,0
1709522702.629053,0
1709522702.683523,0
1709522702.707150,0
1709522702.734278,0
1709522702.756689,0
1709522702.815642,0
1709522702.862375,0
1709522702.885715,0
1709522702.932158,0
1709522702.960698,0
1709522702.984589,0
1709522703.035991,0
1709522703.059839,0
1709522703.111929,0
1709522703.171114,0
1709522703.191858,0
1709522703.234570,0
1709522703.286815,0
1709522703.309436,0
1709522703.364579,0
1709522703.385740,0
1709522703.422939,0
1709522703.487737,0
1709522703.509068,0
1709522703.560209,0
1709522703.609605,0
1709522703.642363,0
1709522703.664316,0
1709522703.716885,0
1709522703.748525,0
1709522703.778336,0
1709522703.837625,0
1709522703.860944,0
1709522703.897552,0
1709522703.929217,0
1709522703.951828,0
1709522703.978441,0
1709522704.029858,0
1709522704.053594,0
1709522704.098043,0
1709522704.141008,0
1709522704.166963,0
1709522704.206349,0
1709522704.248315,0
1709522704.288128,0
1709522704.325116,0
1709522704.351917,0
1709522704.391274,0
1709522704.411918,0
1709522704.457799,0
1709522704.478154,0
1709522704.500236,0
1709522704.520121,0
1709522704.568335,0
1709522704.596002,0
1709522704.632159,0
1709522704.668636,0
1709522704.710437,0
1709522704.733911,0
1709522704.759917,0
1709522704.815781,0
1709522704.843239,0
1709522704.865196,0
1709522704.921852,0
1709522704.956294,0
1709522704.992240,0
1709522705.015090,0
1709522705.068728,0
1709522705.097979,0
1709522705.153540,0
1709522705.176754,0
1709522705.207565,0
1709522705.236013,0
1709522705.288878,0
1709522705.320611,0
1709522705.343835,0
1709522705.392119,0
1709522705.427677,0
1709522705.481838,0
1709522705.523854,0
1709522705.553226,0
1709522705.598903,0
1709522705.623075,0
1709522705.665672,0
1709522705.702542,0
1709522705.745359,0
1709522705.779864,0
1709522705.831151,0
1709522705.854559,0
1709522705.881041,0
1709522705.932954,0
1709522705.980337,0
1709522706.002565,0
1709522706.027973,0
1709522706.048022,0
1709522706.094124,0
1709522706.122124,0
1709522706.151537,0
1709522706.176325,0
1709522706.199914,0
1709522706.223041,0
1709522706.271150,0
1709522706.290701,0
1709522706.336728,0
1709522706.359737,0
1709522706.385264,0
1709522706.406780,0
1709522706.455669,0
