1709521547.726730,0
1709521547.763735,1
1709521547.808917,1
1709521547.844784,1
1709521547.876932,1
1709521547.920231,1
1709521547.993428,3
1709521548.028878,3
1709521548.054914,2
1709521548.080390,2
1709521548.106694,1
1709521548.197927,3
1709521548.221864,3
1709521548.297698,4
1709521548.336621,3
1709521548.364692,2
1709521548.394698,3
1709521548.479821,2
1709521548.511879,1
1709521548.592730,1
1709521548.627768,2
1709521548.666677,2
1709521548.691668,3
1709521548.728785,3
1709521548.769487,4
1709521548.813759,3
1709521548.869677,3
1709521548.947456,2
1709521548.974577,1
1709521549.003520,3
1709521549.029497,2
1709521549.050853,1
1709521549.102014,2
1709521549.129614,2
1709521549.150662,2
1709521549.176347,2
1709521549.201780,3
1709521549.253444,2
1709521549.280316,1
1709521549.330956,2
1709521549.390293,1
1709521549.458716,2
1709521549.537603,2
1709521549.582355,4
1709521549.610016,2
1709521549.653945,3
1709521549.687161,2
1709521549.726518,2
1709521549.803703,1
1709521549.838128,2
1709521549.872236,1
1709521549.896971,2
1709521549.927886,1
1709521549.996230,1
1709521550.036130,1
1709521550.079848,1
1709521550.108439,1
1709521550.184380,1
1709521550.217281,1
1709521550.285522,2
1709521550.370896,2
1709521550.393329,2
1709521550.418088,1
1709521550.451077,1
1709521550.480524,2
1709521550.553523,1
1709521550.597939,2
1709521550.629623,0
1709521550.658447,2
1709521550.684806,2
1709521550.755595,1
1709521550.789519,1
1709521550.812976,1
1709521550.862272,1
1709521550.924332,0
1709521550.950905,1
1709521550.990271,1
1709521551.026590,0
1709521551.088356,1
1709521551.204081,1
1709521551.343167,2
1709521551.371143,2
1709521551.404672,3
1709521551.425821,2
1709521551.452443,2
1709521551.474174,2
1709521551.495745,2
1709521551.582480,1
1709521551.622141,1
1709521551.671533,0
1709521551.729781,0
1709521551.752572,1
1709521551.792773,2
1709521551.877446,1
1709521551.904641,1
1709521551.952548,1
1709521551.975994,1
1709521552.034944,1
1709521552.082889,2
1709521552.118274,2
1709521552.140647,3
1709521552.203964,2
1709521552.229882,5
1709521552.259241,4
1709521552.308604,3
1709521552.327334,3
1709521552.351558,3
1709521552.382575,3
1709521552.456415,2
1709521552.484519,2
1709521552.504044,2
1709521552.539889,2
1709521552.603837,2
1709521552.625419,2
1709521552.659247,3
1709521552.695535,3
1709521552.748988,1
1709521552.790509,1
1709521552.811763,1
1709521552.845149,1
1709521552.867528,1
1709521552.896934,2
1709521552.931961,1
1709521552.952699,1
1709521552.987754,1
1709521553.018715,0
1709521553.040382,1
1709521553.064155,0
1709521553.088764,0
1709521553.130352,1
1709521553.167066,1
1709521553.192280,2
1709521553.237147,1
1709521553.257010,1
1709521553.304664,1
1709521553.356815,1
1709521553.381515,1
1709521553.408445,1
1709521553.450235,2
1709521553.491265,1
1709521553.523148,1
1709521553.566419,2
1709521553.604150,1
1709521553.626931,1
1709521553.650865,1
1709521553.670404,2
1709521553.692102,1
1709521553.713233,1
1709521553.740376,1
1709521553.764207,1
1709521553.810617,0
1709521553.838678,2
1709521553.860826,2
1709521553.923692,1
1709521553.944410,1
1709521553.967090,1
1709521553.991269,1
1709521554.017319,1
1709521554.058428,1
1709521554.095527,2
1709521554.121914,1
1709521554.148496,1
1709521554.179086,1
1709521554.200288,1
1709521554.233985,1
1709521554.253876,1
1709521554.301366,1
1709521554.327835,1
1709521554.357147,1
1709521554.385226,1
1709521554.436425,1
1709521554.473739,1
1709521554.503093,3
1709521554.533446,2
1709521554.575448,2
1709521554.614690,2
1709521554.645643,4
1709521554.667135,3
1709521554.688257,4
1709521554.710685,3
1709521554.740281,3
1709521554.774157,3
1709521554.798391,2
1709521554.828802,2
1709521554.881419,1
1709521554.919960,1
1709521554.941076,2
1709521554.987811,2
1709521555.034024,5
1709521555.085351,3
1709521555.106076,3
1709521555.141268,3
1709521555.173359,3
1709521555.195524,3
1709521555.227108,3
1709521555.255369,4
1709521555.291885,3
1709521555.312805,3
1709521555.350545,4
1709521555.416143,2
1709521555.440177,2
1709521555.489484,2
1709521555.509345,2
1709521555.532979,2
1709521555.552037,4
1709521555.574896,2
1709521555.623332,3
1709521555.644000,1
1709521555.674882,1
1709521555.696795,1
1709521555.757884,1
1709521555.778533,1
1709521555.826775,1
1709521555.861279,2
1709521555.884429,2
1709521555.909813,2
1709521555.973217,1
1709521556.020701,1
1709521556.060932,0
1709521556.086558,1
1709521556.112217,1
1709521556.140352,1
1709521556.159272,1
1709521556.205210,1
1709521556.232553,2
1709521556.255118,3
1709521556.278466,3
1709521556.302912,3
1709521556.343816,3
1709521556.366383,4
1709521556.386191,3
1709521556.408093,3
1709521556.447444,3
1709521556.476826,3
1709521556.499558,3
1709521556.545954,1
1709521556.566779,1
1709521556.591319,1
1709521556.618455,1
1709521556.639806,1
1709521556.695744,1
1709521556.718226,1
1709521556.776214,3
1709521556.799405,2
1709521556.823019,2
1709521556.854734,2
1709521556.894719,3
1709521556.922700,1
1709521556.953362,1
1709521556.985173,3
1709521557.015544,3
1709521557.062192,3
1709521557.089054,0
1709521557.110916,1
1709521557.140109,1
1709521557.176861,1
1709521557.207063,1
1709521557.227118,1
1709521557.276442,1
1709521557.349100,1
1709521557.402734,1
1709521557.450440,1
1709521557.472507,1
1709521557.498357,1
1709521557.587643,1
1709521557.613736,1
1709521557.645876,1
1709521557.682610,1
1709521557.702088,1
1709521557.728883,1
1709521557.759743,1
1709521557.795554,2
1709521557.815811,1
1709521557.843798,1
1709521557.882399,2
1709521557.916355,3
1709521557.941486,3
1709521557.965847,3
1709521558.009919,3
1709521558.039374,2
1709521558.062027,2
1709521558.099581,1
1709521558.124125,1
1709521558.140854,1
1709521558.178993,2
1709521558.204526,1
1709521558.237443,2
1709521558.263623,2
1709521558.307973,2
1709521558.330251,2
1709521558.355874,2
1709521558.374843,2
1709521558.399324,2
1709521558.458014,2
1709521558.489131,2
1709521558.528347,2
1709521558.553831,1
1709521558.605488,1
1709521558.634415,1
1709521558.684506,1
1709521558.735662,2
1709521558.785269,2
1709521558.840561,4
1709521558.865388,2
1709521558.885879,2
1709521558.910968,1
1709521558.942503,1
1709521558.966549,1
1709521558.992143,1
1709521559.015123,1
1709521559.060351,1
1709521559.084223,1
1709521559.119077,1
1709521559.166492,1
1709521559.192291,2
1709521559.230728,1
1709521559.262434,1
1709521559.288182,1
1709521559.330651,0
1709521559.359075,0
1709521559.414688,1
1709521559.439142,1
1709521559.460357,1
1709521559.496727,2
1709521559.530022,2
1709521559.572859,1
1709521559.593251,2
1709521559.649015,2
1709521559.673602,2
1709521559.700184,1
1709521559.721147,1
1709521559.745424,1
1709521559.821617,3
1709521559.839326,2
1709521559.899908,2
1709521559.921701,2
1709521559.945686,2
1709521559.979060,2
1709521560.019864,2
1709521560.072635,3
1709521560.092370,3
1709521560.125646,4
1709521560.144892,3
1709521560.174938,2
1709521560.254163,1
1709521560.276338,1
1709521560.296642,1
1709521560.337734,1
1709521560.389585,3
1709521560.426717,3
1709521560.448721,3
1709521560.472127,4
1709521560.531422,3
1709521560.589911,1
1709521560.616059,2
1709521560.639096,1
1709521560.658510,2
1709521560.687419,2
1709521560.707016,1
1709521560.727212,1
1709521560.747161,1
1709521560.777406,1
1709521560.814629,2
1709521560.851413,2
1709521560.893192,2
1709521560.913257,2
1709521560.939643,2
1709521560.961827,2
1709521561.038989,2
1709521561.069157,2
1709521561.107554,2
1709521561.133283,3
1709521561.157839,2
1709521561.186148,2
1709521561.230774,1
1709521561.273714,2
1709521561.301882,2
1709521561.336176,2
1709521561.366609,2
1709521561.388341,2
1709521561.410871,2
1709521561.472844,2
1709521561.507524,2
1709521561.530423,2
1709521561.551929,2
1709521561.575562,2
1709521561.626388,2
1709521561.661914,2
1709521561.697014,1
1709521561.722421,4
1709521561.742377,4
1709521561.767640,2
1709521561.795249,3
1709521561.866703,4
1709521561.895404,2
1709521561.943659,1
1709521561.970220,1
1709521561.992446,1
1709521562.034153,1
1709521562.096252,2
1709521562.137874,1
1709521562.180148,2
1709521562.199803,3
1709521562.232114,3
1709521562.253359,3
1709521562.299239,4
1709521562.321685,4
1709521562.343345,4
1709521562.370399,5
1709521562.392344,3
1709521562.431433,3
1709521562.451918,3
1709521562.516609,3
1709521562.562255,3
1709521562.597809,4
1709521562.620475,4
1709521562.641044,4
1709521562.682355,3
1709521562.712383,4
1709521562.731441,3
1709521562.795157,5
1709521562.818896,4
1709521562.840672,4
1709521562.867557,4
1709521562.915119,5
1709521562.939052,5
1709521562.969170,5
1709521562.989809,5
1709521563.026077,7
1709521563.077056,5
1709521563.117565,3
1709521563.146910,3
1709521563.202437,3
1709521563.223087,4
1709521563.246636,2
1709521563.293656,2
1709521563.322742,1
1709521563.344716,1
1709521563.367515,1
1709521563.429178,1
1709521563.452369,1
1709521563.475599,0
1709521563.504650,1
1709521563.540387,1
1709521563.566536,1
1709521563.624638,1
1709521563.650563,4
1709521563.674661,3
1709521563.708501,4
1709521563.755790,2
1709521563.799531,2
1709521563.831718,2
1709521563.856281,2
1709521563.891994,2
1709521563.914245,2
1709521563.972170,2
1709521564.011854,2
1709521564.040838,2
1709521564.092323,1
1709521564.119279,1
1709521564.154621,1
1709521564.178368,2
1709521564.206189,1
1709521564.259244,1
1709521564.281972,1
1709521564.342446,2
1709521564.391165,2
1709521564.417956,1
1709521564.444461,2
1709521564.466506,1
1709521564.499306,1
1709521564.521386,1
1709521564.549807,2
1709521564.577745,1
1709521564.620146,1
1709521564.647656,1
1709521564.667948,2
1709521564.687237,1
1709521564.725539,1
1709521564.773630,5
1709521564.798191,4
1709521564.832474,4
1709521564.858469,6
1709521564.889570,5
1709521564.930830,5
1709521564.974883,6
1709521564.993665,4
1709521565.022380,3
1709521565.049297,4
1709521565.119052,3
1709521565.155084,3
1709521565.180911,4
1709521565.206025,2
1709521565.250357,2
1709521565.274512,3
1709521565.306017,3
1709521565.327654,3
1709521565.352906,3
1709521565.400917,5
1709521565.435962,2
1709521565.458256,3
1709521565.477492,3
1709521565.501346,3
1709521565.537124,3
1709521565.558034,4
1709521565.578836,3
1709521565.612636,3
1709521565.640766,5
1709521565.665021,4
1709521565.699634,3
1709521565.746804,2
1709521565.773771,3
1709521565.798662,4
1709521565.833536,4
1709521565.862690,5
1709521565.925183,4
1709521565.950861,3
1709521566.004940,2
1709521566.027263,2
1709521566.046587,2
1709521566.111097,1
1709521566.133558,1
1709521566.161760,1
1709521566.205763,1
1709521566.232152,1
1709521566.278760,1
1709521566.299069,1
1709521566.328168,1
1709521566.347497,1
1709521566.372134,1
1709521566.395595,1
1709521566.433120,1
1709521566.467908,1
1709521566.493130,1
1709521566.524793,1
1709521566.559448,1
1709521566.579614,1
1709521566.608719,1
1709521566.643052,0
1709521566.673167,1
1709521566.693033,1
1709521566.720014,0
1709521566.743048,1
1709521566.777550,1
1709521566.806842,1
1709521566.853968,1
1709521566.876886,1
1709521566.899295,1
1709521566.921291,1
1709521566.967056,2
1709521566.995975,1
1709521567.053730,2
1709521567.075600,2
1709521567.114681,2
1709521567.192997,1
1709521567.216354,1
1709521567.267676,2
1709521567.311647,2
1709521567.341225,2
1709521567.368354,1
1709521567.418288,2
1709521567.470782,2
1709521567.500601,4
1709521567.561776,3
1709521567.581595,2
1709521567.605429,2
1709521567.627829,2
1709521567.676803,2
1709521567.698574,2
1709521567.738185,2
1709521567.771983,2
1709521567.800221,2
1709521567.826516,2
1709521567.872411,3
1709521567.894328,3
1709521567.916055,3
1709521567.939020,7
1709521567.969508,4
1709521567.992222,2
1709521568.022812,2
1709521568.057133,1
1709521568.079691,2
1709521568.106559,2
1709521568.130466,2
1709521568.156040,2
1709521568.198578,1
1709521568.233654,2
1709521568.260890,1
1709521568.293930,1
1709521568.334628,2
1709521568.357410,1
1709521568.405411,2
1709521568.424329,2
1709521568.449033,2
1709521568.504645,3
1709521568.559640,3
1709521568.588719,2
1709521568.636966,2
1709521568.658994,2
1709521568.684823,2
1709521568.704433,2
1709521568.726010,2
1709521568.760176,3
1709521568.783469,2
1709521568.831849,1
1709521568.864960,1
1709521568.885279,2
1709521568.908242,1
1709521568.936839,1
1709521569.002419,2
1709521569.026342,2
1709521569.081262,1
1709521569.101534,1
1709521569.121393,1
1709521569.178082,3
1709521569.205829,3
1709521569.235379,3
1709521569.297462,3
1709521569.322476,3
1709521569.378623,4
1709521569.402743,5
1709521569.451705,4
1709521569.473882,4
1709521569.511595,4
1709521569.538752,3
1709521569.580368,2
1709521569.629781,4
1709521569.656238,2
1709521569.693427,2
1709521569.733151,2
1709521569.796012,2
1709521569.816727,2
1709521569.844157,2
1709521569.864919,2
1709521569.917111,1
1709521569.965080,1
1709521569.988583,2
1709521570.024564,2
1709521570.048353,2
1709521570.085536,3
1709521570.108994,3
1709521570.163445,1
1709521570.186880,2
1709521570.212921,2
1709521570.259837,0
1709521570.285253,1
1709521570.320102,2
1709521570.340443,3
1709521570.398335,2
1709521570.421962,1
1709521570.466939,2
1709521570.488974,2
1709521570.523767,2
1709521570.590778,1
1709521570.620386,1
1709521570.639823,1
1709521570.673437,1
1709521570.729588,1
1709521570.773113,1
1709521570.810727,3
1709521570.832648,3
1709521570.876151,3
1709521570.909920,4
1709521570.951093,4
1709521570.973352,3
1709521571.003644,3
1709521571.030979,2
1709521571.070796,3
1709521571.112285,0
1709521571.132454,1
1709521571.169735,1
1709521571.207972,1
1709521571.236583,1
1709521571.257945,1
1709521571.284596,1
1709521571.326678,2
1709521571.354671,2
1709521571.375719,2
1709521571.395717,2
1709521571.414544,2
1709521571.436209,2
1709521571.458413,2
1709521571.482728,2
1709521571.531728,4
1709521571.552787,3
1709521571.584880,4
1709521571.643645,3
1709521571.668877,3
1709521571.699900,3
1709521571.755385,2
1709521571.780136,2
1709521571.820883,2
1709521571.842338,2
1709521571.867862,3
1709521571.915356,2
1709521571.985894,3
1709521572.014527,2
1709521572.042289,1
1709521572.103643,2
1709521572.171015,2
1709521572.191059,2
1709521572.218693,2
1709521572.268389,1
1709521572.299988,1
1709521572.320900,2
1709521572.355558,1
1709521572.378680,1
1709521572.402358,1
1709521572.424956,1
1709521572.483953,1
1709521572.507434,1
1709521572.561048,1
1709521572.588267,1
1709521572.613085,1
1709521572.641161,1
1709521572.700248,2
1709521572.742659,1
1709521572.768503,1
1709521572.800478,1
1709521572.828387,1
1709521572.855007,1
1709521572.908656,3
1709521572.977529,3
1709521573.002634,3
1709521573.025419,3
1709521573.084824,2
1709521573.134455,1
1709521573.167482,1
1709521573.197012,1
1709521573.242327,2
1709521573.269388,2
1709521573.321455,1
1709521573.343054,1
1709521573.368181,1
1709521573.390437,1
1709521573.418137,1
1709521573.462517,1
1709521573.485325,2
1709521573.516788,1
1709521573.583357,3
1709521573.606042,2
1709521573.638990,2
1709521573.683772,2
1709521573.708523,2
1709521573.743803,3
1709521573.775871,4
1709521573.800931,4
1709521573.845679,4
1709521573.881568,4
1709521573.939893,3
1709521573.967068,4
1709521573.999982,2
1709521574.058669,2
1709521574.077556,2
1709521574.105773,2
1709521574.163144,1
1709521574.190688,2
1709521574.226094,1
1709521574.253510,1
1709521574.279037,1
1709521574.304340,2
1709521574.323338,2
1709521574.354315,2
1709521574.375411,2
1709521574.395092,2
1709521574.416135,3
1709521574.464925,1
1709521574.503502,1
1709521574.546501,1
1709521574.569409,1
1709521574.605294,1
1709521574.629779,1
1709521574.650306,1
1709521574.671777,1
1709521574.706746,0
1709521574.750443,2
1709521574.784051,1
1709521574.804476,1
1709521574.829853,1
1709521574.852472,1
1709521574.886335,1
1709521574.909189,1
1709521574.959414,2
1709521574.986240,2
1709521575.066208,2
1709521575.105424,2
1709521575.129357,2
1709521575.159272,4
1709521575.198844,2
1709521575.257404,2
1709521575.278814,2
1709521575.342203,2
1709521575.367776,2
1709521575.402219,2
1709521575.430053,3
1709521575.450385,5
1709521575.478465,4
1709521575.502284,4
1709521575.550416,5
1709521575.573724,4
1709521575.637871,2
1709521575.660315,3
1709521575.699430,3
1709521575.749974,3
1709521575.772073,3
1709521575.824112,2
1709521575.851497,4
1709521575.879714,4
1709521575.932282,3
1709521575.990881,4
1709521576.012936,4
1709521576.052609,4
1709521576.082225,3
1709521576.105263,2
1709521576.167645,2
1709521576.202317,2
1709521576.226397,2
1709521576.265851,3
1709521576.291356,4
1709521576.315207,3
1709521576.335012,2
1709521576.369961,2
1709521576.389882,3
1709521576.422476,2
1709521576.444273,1
1709521576.471032,2
1709521576.497526,2
1709521576.528579,2
1709521576.555976,2
1709521576.577582,2
1709521576.622393,1
1709521576.645292,1
1709521576.682671,1
1709521576.709774,2
1709521576.734992,2
1709521576.784395,2
1709521576.809220,1
1709521576.860760,0
1709521576.895040,1
1709521576.917655,1
1709521576.942661,1
1709521576.995743,2
1709521577.024534,2
1709521577.063462,2
1709521577.097077,2
1709521577.136229,3
1709521577.163350,2
1709521577.210993,3
1709521577.241748,2
1709521577.284106,1
1709521577.313514,1
1709521577.355241,1
1709521577.379188,1
1709521577.400386,2
1709521577.430583,0
1709521577.454838,1
1709521577.480390,1
1709521577.519776,1
1709521577.539846,1
1709521577.573127,1
1709521577.600662,1
1709521577.621593,2
1709521577.653929,1
1709521577.681951,1
1709521577.714715,1
1709521577.736883,1
1709521577.789028,2
1709521577.814647,2
1709521577.850912,2
1709521577.897461,2
1709521577.949284,1
1709521577.983280,2
1709521578.013911,2
1709521578.079854,2
1709521578.118697,1
1709521578.137934,1
1709521578.167935,1
1709521578.218195,2
1709521578.257305,2
1709521578.282949,2
1709521578.309898,2
1709521578.338910,3
1709521578.361751,2
1709521578.390655,2
1709521578.431985,2
1709521578.460033,2
1709521578.492445,3
1709521578.514345,2
1709521578.543987,2
1709521578.563623,2
1709521578.587869,2
1709521578.632740,2
1709521578.678828,3
1709521578.711027,3
1709521578.732075,3
1709521578.761222,3
1709521578.786586,3
1709521578.809495,3
1709521578.842831,3
1709521578.864195,3
1709521578.885017,3
1709521578.905572,3
1709521578.927197,4
1709521578.950184,2
1709521578.974110,2
1709521579.038834,1
1709521579.060424,1
1709521579.082873,1
1709521579.109300,1
1709521579.153599,2
1709521579.200768,1
1709521579.230510,3
1709521579.256096,3
1709521579.299237,3
1709521579.327322,3
1709521579.366864,1
1709521579.394270,1
1709521579.426649,1
1709521579.464106,1
1709521579.486875,1
1709521579.517827,2
1709521579.544766,2
1709521579.573049,1
1709521579.591297,1
1709521579.617232,1
1709521579.648664,2
1709521579.691797,2
1709521579.712711,2
1709521579.771667,2
1709521579.792218,2
1709521579.832131,2
1709521579.853746,2
1709521579.925191,2
1709521579.961276,1
1709521579.989296,1
1709521580.009681,1
1709521580.051958,1
1709521580.072024,1
1709521580.093063,1
1709521580.141174,2
1709521580.163497,2
1709521580.190860,2
1709521580.227714,2
1709521580.283243,1
1709521580.307613,1
1709521580.328761,1
1709521580.356061,1
1709521580.395448,1
1709521580.450129,1
1709521580.483169,0
1709521580.502700,1
1709521580.525176,0
1709521580.552418,1
1709521580.579988,1
1709521580.605812,1
1709521580.627239,1
1709521580.653683,1
1709521580.681666,1
1709521580.714783,1
1709521580.764547,1
1709521580.785859,1
1709521580.841121,2
1709521580.884599,2
1709521580.919992,2
1709521580.944069,2
1709521581.002062,2
1709521581.031801,3
1709521581.053511,2
1709521581.075927,2
1709521581.100407,2
1709521581.129279,3
1709521581.152083,2
1709521581.172241,2
1709521581.199065,2
1709521581.221192,2
1709521581.267888,2
1709521581.288727,2
1709521581.345311,2
1709521581.369466,3
1709521581.390796,3
1709521581.437273,4
1709521581.458349,3
1709521581.510300,2
1709521581.539065,2
1709521581.565589,2
1709521581.610677,2
1709521581.633177,3
1709521581.687530,3
1709521581.716126,1
1709521581.736386,1
1709521581.769942,0
1709521581.791697,0
1709521581.840189,1
1709521581.861428,2
1709521581.905148,1
1709521581.933308,1
1709521581.993053,1
1709521582.029831,2
1709521582.052637,3
1709521582.076298,2
1709521582.119296,2
1709521582.170383,1
1709521582.199021,2
1709521582.223030,2
1709521582.248851,2
1709521582.302587,3
1709521582.332871,3
1709521582.376854,4
1709521582.415052,2
1709521582.435863,2
1709521582.462818,3
1709521582.487454,2
1709521582.507643,2
1709521582.536351,1
1709521582.570325,3
1709521582.600789,1
1709521582.619143,1
1709521582.645975,0
1709521582.689661,2
1709521582.715206,2
1709521582.751441,2
1709521582.783523,3
1709521582.806356,2
1709521582.839179,2
1709521582.912835,2
1709521582.995654,3
1709521583.054574,2
1709521583.108088,3
1709521583.132529,2
1709521583.153070,2
1709521583.210665,1
1709521583.233036,1
1709521583.256517,1
1709521583.296619,1
1709521583.319425,2
1709521583.354705,1
1709521583.405746,2
1709521583.449241,1
1709521583.483160,2
1709521583.506914,3
1709521583.536511,1
1709521583.583797,1
1709521583.607313,1
1709521583.653754,1
1709521583.674819,1
1709521583.709287,0
1709521583.735371,2
1709521583.756081,1
1709521583.820531,3
1709521583.899124,2
1709521583.918419,2
1709521583.966497,2
1709521584.022985,2
1709521584.059531,1
1709521584.139567,1
1709521584.161188,1
1709521584.200799,0
1709521584.245092,2
1709521584.290335,2
1709521584.310809,2
1709521584.374946,1
1709521584.408095,1
1709521584.450087,2
1709521584.492954,1
1709521584.550348,2
1709521584.574211,3
1709521584.607799,4
1709521584.671946,2
1709521584.693295,2
1709521584.734084,3
1709521584.768018,2
1709521584.787223,2
1709521584.815960,1
1709521584.862279,3
1709521584.885559,2
1709521584.905928,2
1709521584.935930,2
1709521584.960780,2
1709521584.984351,4
1709521585.016784,4
1709521585.062069,3
1709521585.109447,2
1709521585.142254,2
1709521585.173511,3
1709521585.250036,2
1709521585.279101,1
1709521585.305435,1
1709521585.330086,1
1709521585.370173,1
1709521585.394827,1
1709521585.432925,2
1709521585.457305,2
1709521585.486092,2
1709521585.505688,4
1709521585.525932,2
1709521585.551474,2
1709521585.599345,2
1709521585.626142,2
1709521585.674536,2
1709521585.697712,2
1709521585.738356,2
1709521585.798279,3
1709521585.823766,1
1709521585.870607,2
1709521585.909553,2
1709521585.928912,2
1709521585.970954,2
1709521586.014819,2
1709521586.042113,3
1709521586.074478,2
1709521586.125488,2
1709521586.161278,3
1709521586.200572,3
1709521586.238699,3
1709521586.266626,3
1709521586.292881,4
1709521586.327800,3
1709521586.356874,2
1709521586.405728,2
1709521586.461909,2
1709521586.491208,2
1709521586.539295,2
1709521586.559346,2
1709521586.599490,3
1709521586.622597,2
1709521586.660775,2
1709521586.712666,1
1709521586.753724,2
1709521586.774151,2
1709521586.800904,2
1709521586.831517,2
1709521586.855666,2
1709521586.893511,2
1709521586.917093,2
1709521586.963984,2
1709521586.984054,3
1709521587.004372,3
1709521587.051708,2
1709521587.089682,2
1709521587.130505,2
1709521587.176970,2
1709521587.201088,5
1709521587.226658,5
1709521587.251225,6
1709521587.302706,4
1709521587.332616,5
1709521587.359942,6
1709521587.384425,5
1709521587.437627,4
1709521587.461544,5
1709521587.490566,3
1709521587.531019,3
1709521587.572710,3
1709521587.603479,2
1709521587.627666,2
1709521587.647964,2
1709521587.695722,3
1709521587.748211,2
1709521587.787720,2
1709521587.808630,2
1709521587.833492,2
1709521587.856183,2
1709521587.905196,1
1709521587.926043,1
1709521587.995048,2
1709521588.015164,3
1709521588.068023,2
1709521588.099804,2
1709521588.129900,1
1709521588.180404,3
1709521588.229906,3
1709521588.252424,2
1709521588.277941,3
1709521588.352202,3
1709521588.374958,4
1709521588.406307,4
1709521588.466756,4
1709521588.495061,4
1709521588.531737,4
1709521588.602478,2
1709521588.623403,3
1709521588.658825,3
1709521588.706504,3
1709521588.736162,3
1709521588.755319,3
1709521588.795034,3
1709521588.818473,4
1709521588.854383,4
1709521588.884494,3
1709521588.929372,3
1709521588.964296,3
1709521588.984672,4
1709521589.033040,3
1709521589.053077,4
1709521589.073489,3
1709521589.093707,4
1709521589.140208,3
1709521589.168313,3
1709521589.213873,2
1709521589.236050,2
1709521589.258213,2
1709521589.288672,2
1709521589.347937,2
1709521589.384060,1
1709521589.426362,1
1709521589.470920,1
1709521589.514779,2
1709521589.539839,1
1709521589.564491,1
1709521589.587870,1
1709521589.636370,2
1709521589.661167,2
1709521589.705198,3
1709521589.738845,3
1709521589.775536,2
1709521589.810513,3
1709521589.851396,3
1709521589.880700,3
1709521589.938316,4
1709521589.957272,3
1709521589.986199,4
1709521590.034600,3
1709521590.086407,3
1709521590.121909,3
1709521590.146997,2
1709521590.188770,1
1709521590.212076,3
1709521590.235762,2
1709521590.256240,2
1709521590.304590,2
1709521590.391099,2
1709521590.414315,2
1709521590.436113,4
1709521590.503615,2
1709521590.540192,3
1709521590.561538,3
1709521590.585464,3
1709521590.606032,3
1709521590.666595,1
1709521590.692916,1
1709521590.715188,1
1709521590.739887,0
1709521590.792342,1
1709521590.812535,1
1709521590.832050,1
1709521590.858446,1
1709521590.905243,1
1709521590.940422,1
1709521590.980796,1
1709521591.008142,1
1709521591.058761,2
1709521591.078253,2
1709521591.098146,1
1709521591.120699,1
1709521591.149860,2
1709521591.183773,1
1709521591.208152,1
1709521591.227330,1
1709521591.286450,1
1709521591.326866,2
1709521591.351558,2
1709521591.390318,2
1709521591.412223,2
1709521591.454330,2
1709521591.485516,2
1709521591.529552,2
1709521591.558485,3
1709521591.595049,2
1709521591.615416,1
1709521591.646583,1
1709521591.666995,1
1709521591.689576,2
1709521591.725035,1
1709521591.760199,1
1709521591.783496,1
1709521591.828369,1
1709521591.878996,3
1709521591.908405,2
1709521591.929786,2
1709521591.949769,2
1709521591.994984,3
1709521592.018987,3
1709521592.099242,3
1709521592.134904,4
1709521592.159086,3
1709521592.213260,1
1709521592.262585,4
1709521592.302971,3
1709521592.333192,2
1709521592.352452,2
1709521592.399821,2
1709521592.423596,2
1709521592.479064,1
1709521592.510772,1
1709521592.532402,1
1709521592.555954,1
1709521592.618500,2
1709521592.658880,3
1709521592.685999,2
1709521592.706279,2
1709521592.727942,2
1709521592.770322,1
1709521592.798161,2
1709521592.833368,1
1709521592.856686,2
1709521592.882319,3
1709521592.932066,2
1709521592.951306,2
1709521592.978709,3
1709521593.032993,2
1709521593.054541,2
1709521593.080627,2
1709521593.143523,1
1709521593.193995,2
1709521593.223945,2
1709521593.277706,4
1709521593.299431,4
1709521593.360792,2
1709521593.384942,3
1709521593.409670,2
1709521593.498788,1
1709521593.519826,1
1709521593.543558,1
1709521593.593389,1
1709521593.640853,2
1709521593.672439,1
1709521593.704369,1
1709521593.765859,3
1709521593.803583,3
1709521593.826971,4
1709521593.846964,3
1709521593.909586,4
1709521593.972569,5
1709521594.000735,4
1709521594.021461,4
1709521594.048621,4
1709521594.107902,2
1709521594.127570,3
1709521594.152171,4
1709521594.173678,2
1709521594.208750,2
1709521594.232719,2
1709521594.309082,1
1709521594.336711,1
1709521594.370039,2
1709521594.401177,2
1709521594.448664,2
1709521594.467290,2
1709521594.504929,2
1709521594.553261,2
1709521594.586916,1
1709521594.610879,2
1709521594.633236,2
1709521594.675369,2
1709521594.742970,2
1709521594.770741,2
1709521594.826625,4
1709521594.852141,5
1709521594.871906,3
1709521594.892622,3
1709521594.940150,3
1709521594.964723,4
1709521594.992213,4
1709521595.022415,2
1709521595.065397,2
1709521595.103166,2
1709521595.127671,2
1709521595.184620,1
1709521595.207986,0
1709521595.261489,1
1709521595.283339,1
1709521595.328229,1
1709521595.349177,1
1709521595.420820,1
1709521595.480101,2
1709521595.506161,2
1709521595.533051,3
1709521595.566767,2
1709521595.588880,2
1709521595.611803,2
1709521595.650060,2
1709521595.673491,2
1709521595.720872,2
1709521595.759396,2
1709521595.782227,2
1709521595.836341,2
1709521595.867393,2
1709521595.894206,2
1709521595.919771,1
1709521595.942887,1
1709521595.993398,1
1709521596.023998,1
1709521596.046297,1
1709521596.065530,1
1709521596.096276,2
1709521596.120212,2
1709521596.154753,2
1709521596.194352,2
1709521596.252499,2
1709521596.275587,1
1709521596.305494,1
1709521596.328978,1
1709521596.357349,1
1709521596.383484,1
1709521596.404021,1
1709521596.475572,0
1709521596.522467,2
1709521596.543461,2
1709521596.568178,2
1709521596.612870,1
1709521596.634550,2
1709521596.672222,2
1709521596.699129,2
1709521596.760401,1
1709521596.785763,1
1709521596.807369,1
1709521596.832607,1
1709521596.854825,1
1709521596.874686,1
1709521596.897773,2
1709521596.922735,1
1709521596.960805,2
1709521596.984131,2
1709521597.005821,3
1709521597.028964,2
1709521597.050566,2
1709521597.089328,2
1709521597.118692,1
1709521597.154666,1
1709521597.179708,1
1709521597.200655,1
1709521597.224837,2
1709521597.253750,1
1709521597.290637,1
1709521597.314023,1
1709521597.349937,1
1709521597.382334,2
1709521597.407777,2
1709521597.461123,2
1709521597.522265,2
1709521597.545403,1
1709521597.586088,1
1709521597.607151,2
1709521597.653848,1
1709521597.678614,1
1709521597.711679,1
1709521597.742748,1
1709521597.805704,1
1709521597.852101,2
1709521597.874711,1
1709521597.894970,1
1709521597.915262,1
1709521597.939342,1
1709521597.970465,1
1709521598.017261,2
1709521598.040807,3
1709521598.064582,3
1709521598.127476,3
1709521598.157540,3
1709521598.185791,2
1709521598.226322,1
1709521598.255280,1
1709521598.295313,1
1709521598.319367,1
1709521598.343997,1
1709521598.373759,1
1709521598.411802,3
1709521598.452673,2
1709521598.476513,1
1709521598.505592,1
1709521598.549093,1
1709521598.602382,1
1709521598.629680,1
1709521598.672550,1
1709521598.727936,2
1709521598.758139,3
1709521598.779775,2
1709521598.816823,3
1709521598.863605,3
1709521598.887863,3
1709521598.911549,3
1709521598.945642,3
1709521598.971772,2
1709521599.010577,2
1709521599.055525,2
1709521599.089583,1
1709521599.107819,1
1709521599.158165,2
1709521599.179666,2
1709521599.201534,3
1709521599.233245,2
1709521599.255795,2
1709521599.279471,3
1709521599.318746,1
1709521599.345308,1
1709521599.410074,2
1709521599.440420,2
1709521599.468859,2
1709521599.544259,2
1709521599.585077,2
1709521599.607766,2
1709521599.627114,2
1709521599.650652,2
1709521599.700642,2
1709521599.733703,2
1709521599.760462,2
1709521599.789524,2
1709521599.814832,2
1709521599.858160,1
1709521599.881611,1
1709521599.908505,1
1709521599.967666,1
1709521600.002438,2
1709521600.029145,2
1709521600.058757,2
1709521600.090741,2
1709521600.116208,2
1709521600.142397,2
1709521600.183240,3
1709521600.205377,2
1709521600.240579,2
1709521600.286631,2
1709521600.312063,1
1709521600.331712,1
1709521600.361380,1
1709521600.423584,2
1709521600.466028,1
1709521600.500907,2
1709521600.531795,2
1709521600.555041,2
1709521600.610739,2
1709521600.660252,3
1709521600.685654,2
1709521600.703817,2
1709521600.734700,2
1709521600.796186,2
1709521600.832667,1
1709521600.867288,1
1709521600.931022,2
1709521600.971704,2
1709521601.002946,2
1709521601.033914,2
1709521601.057140,2
1709521601.123038,1
1709521601.143878,1
1709521601.182036,1
1709521601.205218,1
1709521601.227093,2
1709521601.253239,1
1709521601.272176,1
1709521601.308859,1
1709521601.352068,1
1709521601.372384,1
1709521601.395513,1
1709521601.434502,1
1709521601.457707,1
1709521601.481491,1
1709521601.549811,2
1709521601.589460,1
1709521601.620878,2
1709521601.682314,3
1709521601.737869,3
1709521601.765666,2
1709521601.824903,2
1709521601.873827,1
1709521601.898911,1
1709521601.987607,2
1709521602.020931,2
1709521602.057989,2
1709521602.115453,1
1709521602.151521,3
1709521602.174935,2
1709521602.218652,2
1709521602.240617,1
1709521602.291789,2
1709521602.313358,2
1709521602.350553,2
1709521602.403326,2
1709521602.453473,2
1709521602.478293,2
1709521602.512685,1
1709521602.543836,2
1709521602.605371,2
1709521602.665553,2
1709521602.688629,2
1709521602.713077,3
1709521602.750730,1
1709521602.783264,1
1709521602.838871,3
1709521602.864439,1
1709521602.926995,3
1709521602.958231,2
1709521602.997382,2
1709521603.017028,3
1709521603.039774,3
1709521603.062563,2
1709521603.116253,2
1709521603.164320,2
1709521603.201935,3
1709521603.221622,3
1709521603.242080,3
1709521603.292183,3
1709521603.332367,3
1709521603.359639,4
1709521603.419310,3
1709521603.443118,4
1709521603.464908,4
1709521603.491699,4
1709521603.512124,5
1709521603.542350,5
1709521603.577166,5
1709521603.598856,6
1709521603.621594,5
1709521603.644894,6
1709521603.663979,5
1709521603.689504,6
1709521603.750784,5
1709521603.773832,7
1709521603.831519,4
1709521603.863453,5
1709521603.884669,4
1709521603.947170,4
1709521603.996053,3
1709521604.029137,4
1709521604.063249,4
1709521604.111114,3
1709521604.136140,4
1709521604.188784,2
1709521604.208756,1
1709521604.236668,2
1709521604.272888,3
1709521604.295459,2
1709521604.319699,2
1709521604.350588,2
1709521604.393578,2
1709521604.413727,2
1709521604.476416,1
1709521604.505061,1
1709521604.529893,1
1709521604.594249,2
1709521604.632774,2
1709521604.672226,2
1709521604.709948,1
1709521604.744287,2
1709521604.786907,2
1709521604.827965,1
1709521604.862832,3
1709521604.888115,2
1709521604.911924,2
1709521604.964943,1
1709521604.988646,1
1709521605.044580,2
1709521605.072433,1
1709521605.099672,1
1709521605.121262,1
1709521605.154229,1
1709521605.173973,1
1709521605.216058,3
1709521605.246580,4
1709521605.267576,5
1709521605.302384,3
1709521605.328094,3
1709521605.358382,3
1709521605.415043,2
1709521605.441580,2
1709521605.478859,1
1709521605.503494,2
1709521605.525168,2
1709521605.551380,2
1709521605.584657,2
1709521605.645108,2
1709521605.666611,2
1709521605.697932,2
1709521605.764113,2
1709521605.791450,3
1709521605.862376,2
1709521605.887890,1
1709521605.918860,1
1709521605.942780,1
1709521605.965511,1
1709521606.029777,2
1709521606.054806,2
1709521606.090712,2
1709521606.137607,2
1709521606.197972,2
1709521606.219143,4
1709521606.242199,2
1709521606.260718,2
1709521606.291391,2
1709521606.313003,2
1709521606.343897,2
1709521606.363857,2
1709521606.384776,2
1709521606.402213,2
1709521606.473703,1
1709521606.497595,2
1709521606.543284,1
1709521606.569321,1
1709521606.592295,1
1709521606.614948,1
1709521606.644479,1
1709521606.664123,2
1709521606.706647,3
1709521606.727617,3
1709521606.754736,3
1709521606.788300,2
1709521606.809722,2
1709521606.835727,2
1709521606.855351,3
1709521606.876870,2
1709521606.902951,2
1709521606.976521,1
1709521607.014064,1
1709521607.034825,1
1709521607.082513,2
1709521607.144264,2
1709521607.169052,3
1709521607.191034,3
1709521607.220205,3
1709521607.242846,3
1709521607.285109,3
1709521607.319448,5
1709521607.342459,3
1709521607.365406,3
1709521607.404275,3
1709521607.465521,3
1709521607.493207,4
1709521607.537851,3
1709521607.558504,3
1709521607.589727,4
1709521607.612838,3
1709521607.675250,3
1709521607.704575,3
1709521607.761104,3
1709521607.785235,3
1709521607.812243,2
1709521607.839697,2
1709521607.865295,2
1709521607.913597,1
1709521607.945328,1
1709521608.013201,2
1709521608.036112,2
1709521608.080286,2
1709521608.116791,2
1709521608.143866,2
1709521608.186708,1
1709521608.215410,1
1709521608.260230,1
1709521608.278705,2
1709521608.297768,1
1709521608.321297,1
1709521608.343330,1
1709521608.366415,1
1709521608.432572,1
1709521608.455973,1
1709521608.513119,1
1709521608.537150,1
1709521608.567295,1
1709521608.589031,1
1709521608.634300,2
1709521608.654868,2
1709521608.699837,1
1709521608.731319,2
1709521608.759555,1
1709521608.781969,1
1709521608.826685,1
1709521608.887404,1
1709521608.910861,2
1709521608.944646,1
1709521608.970715,1
1709521609.028934,2
1709521609.048825,2
1709521609.068618,2
1709521609.111121,2
1709521609.135172,2
1709521609.165570,2
1709521609.190996,2
1709521609.244961,1
1709521609.263669,2
1709521609.287233,1
1709521609.319260,1
1709521609.369163,1
1709521609.391575,1
1709521609.417334,1
1709521609.441062,2
1709521609.463521,1
1709521609.507989,1
1709521609.526251,1
1709521609.566637,2
1709521609.597131,1
1709521609.623966,1
1709521609.670180,1
1709521609.695214,1
1709521609.723886,2
1709521609.770031,2
1709521609.816571,1
1709521609.847880,1
1709521609.873745,1
1709521609.899073,2
1709521609.920465,4
1709521609.975666,3
1709521610.022366,1
1709521610.049614,1
1709521610.087670,1
1709521610.109923,1
1709521610.169743,3
1709521610.191821,4
1709521610.218312,3
1709521610.258761,5
1709521610.293231,4
1709521610.327334,2
1709521610.349932,2
1709521610.376471,2
1709521610.395011,2
1709521610.455782,1
1709521610.501897,2
1709521610.533731,2
1709521610.580715,1
1709521610.613329,1
1709521610.664677,3
1709521610.692553,2
1709521610.715888,1
1709521610.774684,1
1709521610.797952,1
1709521610.845309,1
1709521610.884977,1
1709521610.925403,1
1709521610.975385,3
1709521610.999403,1
1709521611.032787,1
1709521611.082216,2
1709521611.113846,1
1709521611.141332,1
1709521611.171331,1
1709521611.241574,2
1709521611.278480,1
1709521611.305379,3
1709521611.333239,3
1709521611.397501,3
1709521611.423554,2
1709521611.444214,2
1709521611.481029,2
1709521611.510729,3
1709521611.529207,2
1709521611.552422,2
1709521611.593306,1
1709521611.624270,1
1709521611.662484,2
1709521611.685587,1
1709521611.711351,1
1709521611.738663,1
1709521611.781461,2
1709521611.824423,2
1709521611.891652,2
1709521611.920591,3
1709521611.943850,2
1709521611.994257,2
1709521612.018445,3
1709521612.051618,2
1709521612.100020,2
1709521612.127859,2
1709521612.160485,2
1709521612.187801,2
1709521612.232170,1
1709521612.253427,1
1709521612.301384,2
1709521612.329547,2
1709521612.360539,4
1709521612.425698,2
1709521612.447822,2
1709521612.504663,4
1709521612.523809,2
1709521612.558940,3
1709521612.577583,3
1709521612.633495,3
1709521612.664888,3
1709521612.695968,3
1709521612.732829,2
1709521612.756426,2
1709521612.778899,2
1709521612.803424,2
1709521612.827327,2
1709521612.896775,1
1709521612.918338,1
1709521612.971100,1
1709521613.004650,1
1709521613.032075,2
1709521613.068832,1
1709521613.119849,1
1709521613.163302,2
1709521613.190161,2
1709521613.244195,1
1709521613.277339,2
1709521613.299877,2
1709521613.356303,1
1709521613.380916,2
1709521613.419626,2
1709521613.457605,0
1709521613.481617,1
1709521613.503083,1
1709521613.527426,1
1709521613.554962,1
1709521613.590068,0
1709521613.614988,1
1709521613.646328,1
1709521613.678879,1
1709521613.713072,1
1709521613.750616,1
1709521613.779385,1
1709521613.812088,1
1709521613.834584,1
1709521613.889030,1
1709521613.912570,1
1709521613.960055,2
1709521613.991992,1
1709521614.024943,1
1709521614.060086,1
1709521614.097518,1
1709521614.124804,2
1709521614.166577,2
1709521614.190253,2
1709521614.225879,2
1709521614.253071,3
1709521614.318879,2
1709521614.340313,2
1709521614.363403,2
1709521614.422877,3
1709521614.458411,2
1709521614.500120,2
1709521614.534354,1
1709521614.561449,1
1709521614.609122,2
1709521614.653591,2
1709521614.674343,4
1709521614.699104,2
1709521614.721405,2
1709521614.797187,1
1709521614.822079,1
1709521614.864656,1
1709521614.887455,1
1709521614.908355,1
1709521614.928475,1
1709521614.951808,1
1709521614.970303,1
1709521614.994445,2
1709521615.088813,1
1709521615.113871,1
1709521615.141784,2
1709521615.177807,2
1709521615.202073,2
1709521615.225301,3
1709521615.293182,3
1709521615.322805,2
1709521615.378146,2
1709521615.401853,2
1709521615.424809,2
1709521615.447736,2
1709521615.496113,2
1709521615.521525,2
1709521615.549756,2
1709521615.593756,1
1709521615.619470,2
1709521615.642361,2
1709521615.661240,2
1709521615.701786,2
1709521615.752821,3
1709521615.777463,3
1709521615.829947,2
1709521615.902521,2
1709521615.920924,2
1709521615.941549,3
1709521615.992294,2
1709521616.043231,2
1709521616.071506,2
1709521616.123276,2
1709521616.157257,2
1709521616.203778,2
1709521616.245208,1
1709521616.267692,1
1709521616.293874,1
1709521616.321789,1
1709521616.345370,1
1709521616.367486,1
1709521616.451547,1
1709521616.505624,1
1709521616.531086,1
1709521616.566283,0
1709521616.589412,2
1709521616.612694,2
1709521616.635927,2
1709521616.668190,2
1709521616.734922,2
1709521616.760418,2
1709521616.787883,2
1709521616.838729,2
1709521616.899495,2
1709521616.930175,1
1709521617.009200,1
1709521617.043953,3
1709521617.065448,2
1709521617.120505,1
1709521617.193293,2
1709521617.224490,1
1709521617.253030,1
1709521617.281959,2
1709521617.325254,2
1709521617.353651,1
1709521617.419592,1
1709521617.458261,1
1709521617.481230,1
1709521617.504091,1
1709521617.559039,2
1709521617.579704,3
1709521617.603879,2
1709521617.663607,2
1709521617.686480,3
1709521617.712444,3
1709521617.760854,3
1709521617.784708,3
1709521617.806246,3
1709521617.851186,4
1709521617.875773,4
1709521617.899425,5
1709521617.921242,5
1709521617.977819,4
1709521617.999862,4
1709521618.035748,3
1709521618.060812,4
1709521618.089128,5
1709521618.136743,5
1709521618.200578,2
1709521618.223114,2
1709521618.250886,4
1709521618.318685,3
1709521618.344420,3
1709521618.376651,3
1709521618.402174,4
1709521618.426749,3
1709521618.486337,2
1709521618.510667,2
1709521618.539584,2
1709521618.572073,3
1709521618.610280,4
1709521618.648921,3
1709521618.671990,3
1709521618.706987,2
1709521618.726252,2
1709521618.751891,2
1709521618.780630,2
1709521618.800628,3
1709521618.840974,1
1709521618.899602,2
1709521618.923589,2
1709521618.946549,4
1709521618.985165,2
1709521619.011115,2
1709521619.054052,1
1709521619.078282,2
1709521619.101370,3
1709521619.163375,1
1709521619.202136,1
1709521619.233018,1
1709521619.272508,2
1709521619.311398,1
1709521619.348271,3
1709521619.375103,2
1709521619.420573,1
1709521619.450245,1
1709521619.502686,1
1709521619.557054,1
1709521619.577784,1
1709521619.605217,1
1709521619.634423,2
1709521619.670805,4
1709521619.692382,2
1709521619.714970,2
1709521619.743405,2
1709521619.772464,2
1709521619.797982,1
1709521619.818711,1
1709521619.843436,1
1709521619.868717,1
1709521619.926345,1
1709521619.975472,1
1709521620.000345,2
1709521620.030622,2
1709521620.054313,2
1709521620.078810,2
1709521620.103858,2
1709521620.132814,2
1709521620.151842,2
1709521620.175599,2
1709521620.218091,2
1709521620.247301,3
1709521620.295772,3
1709521620.316516,3
1709521620.339655,3
1709521620.361189,3
1709521620.387827,3
1709521620.414690,3
1709521620.444011,3
1709521620.471811,3
1709521620.492809,3
1709521620.537638,2
1709521620.570376,3
1709521620.599922,3
1709521620.629491,3
1709521620.650626,3
1709521620.670644,3
1709521620.743451,3
1709521620.768561,3
1709521620.840951,2
1709521620.861886,2
1709521620.886337,3
1709521620.922910,4
1709521620.945135,2
1709521620.983159,2
1709521621.025218,2
1709521621.046137,2
1709521621.069206,2
1709521621.090425,2
1709521621.145195,4
1709521621.185376,2
1709521621.207136,2
1709521621.233770,2
1709521621.253121,2
1709521621.279967,1
1709521621.345748,1
1709521621.382967,1
1709521621.408760,1
1709521621.431104,1
1709521621.464619,1
1709521621.486697,1
1709521621.507152,1
1709521621.528831,1
1709521621.551591,0
1709521621.572723,1
1709521621.595846,2
1709521621.619787,3
1709521621.645483,3
1709521621.667066,2
1709521621.732696,2
1709521621.759073,3
1709521621.801336,3
1709521621.823611,2
1709521621.877514,0
1709521621.934904,1
1709521621.961145,1
1709521621.992067,2
1709521622.040798,2
1709521622.103807,2
1709521622.153701,2
1709521622.175924,2
1709521622.237733,1
1709521622.259865,3
1709521622.285966,3
1709521622.308334,3
1709521622.338267,2
1709521622.390660,2
1709521622.423838,3
1709521622.462818,4
1709521622.520997,2
1709521622.543819,2
1709521622.582643,2
1709521622.608285,2
1709521622.667183,1
1709521622.707329,2
1709521622.728562,2
1709521622.750015,2
1709521622.787011,2
1709521622.849314,1
1709521622.875042,2
1709521622.933135,2
1709521622.952389,2
1709521622.974951,2
1709521623.014183,2
1709521623.062578,2
1709521623.089926,1
1709521623.130791,1
1709521623.163335,2
1709521623.187458,2
1709521623.255843,4
1709521623.290841,3
1709521623.318134,4
1709521623.403186,2
1709521623.425390,1
1709521623.490723,1
1709521623.518992,1
1709521623.544385,1
1709521623.573140,1
1709521623.619774,1
1709521623.675725,1
1709521623.705541,1
1709521623.741695,4
1709521623.771318,4
1709521623.792656,4
1709521623.826505,5
1709521623.851583,4
1709521623.873068,4
1709521623.949363,3
1709521623.971648,4
1709521624.006379,3
1709521624.027036,4
1709521624.083803,3
1709521624.126443,3
1709521624.147336,3
1709521624.170731,4
1709521624.194145,4
1709521624.255744,4
1709521624.324574,6
1709521624.349799,3
1709521624.383044,4
1709521624.420285,6
1709521624.458453,4
1709521624.510982,3
1709521624.566394,2
1709521624.591513,4
1709521624.625136,3
1709521624.650130,3
1709521624.674467,3
1709521624.720301,3
1709521624.743416,3
1709521624.776729,2
1709521624.818504,4
1709521624.848627,5
1709521624.868400,3
1709521624.891047,4
1709521624.915801,4
1709521624.975213,3
1709521625.000693,2
1709521625.035816,3
1709521625.057771,2
1709521625.080073,4
1709521625.102770,4
1709521625.123702,3
1709521625.158137,3
1709521625.196248,3
1709521625.220189,3
1709521625.253031,3
1709521625.280011,3
1709521625.303913,3
1709521625.324826,2
1709521625.349743,2
1709521625.415423,2
1709521625.439021,1
1709521625.500825,2
1709521625.539122,0
1709521625.589387,2
1709521625.611787,2
1709521625.639340,2
1709521625.669353,2
1709521625.725203,3
1709521625.793059,2
1709521625.820373,2
1709521625.850488,2
1709521625.872769,2
1709521625.896850,2
1709521625.917963,2
1709521625.975363,1
1709521625.995983,1
1709521626.044671,2
1709521626.063604,2
1709521626.083260,1
1709521626.104933,2
1709521626.124917,1
1709521626.177098,1
1709521626.196861,2
1709521626.248513,2
1709521626.278206,3
1709521626.304930,3
1709521626.334205,3
1709521626.378140,2
1709521626.431942,2
1709521626.459268,2
1709521626.492815,2
1709521626.526333,2
1709521626.556429,2
1709521626.606521,2
1709521626.630282,2
1709521626.664434,1
1709521626.706902,0
1709521626.738084,2
1709521626.764717,3
1709521626.806475,3
1709521626.831455,3
1709521626.852113,3
1709521626.876208,4
1709521626.909941,3
1709521626.949764,2
1709521626.997222,3
1709521627.051391,3
1709521627.077121,3
1709521627.099745,2
1709521627.122517,2
1709521627.166996,2
1709521627.222565,3
1709521627.248924,3
1709521627.348464,1
1709521627.369361,1
1709521627.397751,1
1709521627.438463,1
1709521627.474741,1
1709521627.498988,2
1709521627.520964,1
1709521627.566894,2
1709521627.623038,2
1709521627.656334,1
1709521627.678447,1
1709521627.721189,1
1709521627.747428,1
1709521627.768542,1
1709521627.807751,1
1709521627.859825,2
1709521627.883324,3
1709521627.913830,1
1709521627.967338,2
1709521627.999626,2
1709521628.023261,1
1709521628.083307,2
1709521628.103227,1
1709521628.159436,1
1709521628.181523,1
1709521628.209330,2
1709521628.231699,1
1709521628.285553,1
1709521628.315918,1
1709521628.369794,1
1709521628.397008,0
1709521628.422939,1
1709521628.480984,3
1709521628.510967,2
1709521628.555918,2
1709521628.595544,1
1709521628.629597,1
1709521628.675069,2
1709521628.703194,1
1709521628.735453,1
1709521628.760871,2
1709521628.781395,2
1709521628.805753,2
1709521628.834006,3
1709521628.885005,2
1709521628.910023,3
1709521628.948906,2
1709521628.969424,3
1709521628.995310,3
1709521629.019020,3
1709521629.052778,4
1709521629.074227,3
1709521629.100516,3
1709521629.159776,3
1709521629.195409,5
1709521629.222157,3
1709521629.245278,3
1709521629.267751,4
1709521629.308170,2
1709521629.347411,2
1709521629.371098,2
1709521629.460596,3
1709521629.484506,2
1709521629.509777,2
1709521629.574953,2
1709521629.623931,1
1709521629.673549,2
1709521629.704919,2
1709521629.774803,1
1709521629.796803,0
1709521629.852891,1
1709521629.874766,2
1709521629.906632,1
1709521629.939797,1
1709521629.993391,1
1709521630.022216,1
1709521630.047006,1
1709521630.079628,1
1709521630.127793,1
1709521630.149106,1
1709521630.175863,1
1709521630.203748,1
1709521630.225644,1
1709521630.262479,1
1709521630.286044,1
1709521630.330834,2
1709521630.364878,2
1709521630.423764,2
1709521630.444718,3
1709521630.472027,2
1709521630.491708,2
1709521630.559933,1
1709521630.586976,1
1709521630.633405,2
1709521630.655457,1
1709521630.677078,3
1709521630.703290,1
1709521630.772191,1
1709521630.825526,1
1709521630.852417,1
1709521630.921736,1
1709521630.959418,1
1709521631.031686,3
1709521631.059734,1
1709521631.122140,2
1709521631.141844,2
1709521631.163407,3
1709521631.189788,2
1709521631.229341,2
1709521631.251686,3
1709521631.289698,2
1709521631.321916,3
1709521631.349086,3
1709521631.371474,4
1709521631.414896,4
1709521631.488473,5
1709521631.511996,4
1709521631.568475,3
1709521631.592211,3
1709521631.654356,3
1709521631.688349,3
1709521631.713851,3
1709521631.746939,3
1709521631.770252,3
1709521631.804485,4
1709521631.867749,3
1709521631.891141,2
1709521631.918202,2
1709521631.940411,2
1709521632.000066,2
1709521632.028439,4
1709521632.055574,2
1709521632.080081,2
1709521632.133575,2
1709521632.152932,2
1709521632.176156,2
1709521632.199659,3
1709521632.224850,2
1709521632.260589,2
1709521632.293594,3
1709521632.319041,3
1709521632.378932,3
1709521632.415001,3
1709521632.440484,3
1709521632.501389,3
1709521632.538343,3
1709521632.582711,3
1709521632.608110,3
1709521632.628139,3
1709521632.651776,3
1709521632.677481,3
1709521632.711208,3
1709521632.782856,3
1709521632.820670,2
1709521632.840066,3
1709521632.859612,2
1709521632.877316,2
1709521632.902572,3
1709521632.951241,2
1709521633.008708,2
1709521633.030435,1
1709521633.053362,1
1709521633.076632,1
1709521633.128277,1
1709521633.164542,1
1709521633.216145,3
1709521633.243975,2
1709521633.273175,2
1709521633.292335,1
1709521633.312407,2
1709521633.336541,3
1709521633.372020,2
1709521633.409988,1
1709521633.430254,3
1709521633.458688,2
1709521633.481917,2
1709521633.527572,2
1709521633.568508,2
1709521633.601165,2
1709521633.625404,3
1709521633.684408,2
1709521633.729696,1
1709521633.752649,1
1709521633.788842,1
1709521633.832791,1
1709521633.854046,1
1709521633.914850,1
1709521633.936317,1
1709521633.983502,2
1709521634.020506,2
1709521634.061498,3
1709521634.086081,3
1709521634.104588,2
1709521634.151384,1
1709521634.201067,2
1709521634.226850,2
1709521634.255180,3
1709521634.290470,2
1709521634.362434,2
1709521634.393941,1
1709521634.423051,1
1709521634.456646,2
1709521634.488717,3
1709521634.520750,2
1709521634.568685,2
1709521634.594006,2
1709521634.629688,1
1709521634.665660,2
1709521634.700932,3
1709521634.723626,1
1709521634.745403,1
1709521634.767564,1
1709521634.813426,1
1709521634.841181,2
1709521634.864291,4
1709521634.923102,3
1709521634.959290,4
1709521635.018407,3
1709521635.044077,5
1709521635.081583,4
1709521635.101559,4
1709521635.132011,4
1709521635.153171,4
1709521635.192899,4
1709521635.236254,2
1709521635.273129,5
1709521635.313820,4
1709521635.335540,3
1709521635.373328,2
1709521635.399108,3
1709521635.429282,3
1709521635.484125,4
1709521635.508215,3
1709521635.529172,3
1709521635.550751,3
1709521635.605748,5
1709521635.631487,3
1709521635.657936,3
1709521635.682593,4
1709521635.708715,3
1709521635.731711,3
1709521635.787254,1
1709521635.809618,2
1709521635.869993,2
1709521635.891778,2
1709521635.919654,2
1709521635.970022,2
1709521636.028721,2
1709521636.062740,2
1709521636.087453,2
1709521636.109687,2
1709521636.135714,2
1709521636.163255,2
1709521636.193228,2
1709521636.244551,2
1709521636.287593,1
1709521636.309306,1
1709521636.334367,1
1709521636.395932,1
1709521636.457972,3
1709521636.480723,2
1709521636.519162,2
1709521636.546470,2
1709521636.582833,3
1709521636.626265,3
1709521636.653496,3
1709521636.690363,3
1709521636.724065,2
1709521636.794968,2
1709521636.816691,1
1709521636.839570,2
1709521636.898278,2
1709521636.920567,2
1709521636.976434,2
1709521637.003695,2
1709521637.036202,2
1709521637.090097,1
1709521637.124186,1
1709521637.157741,1
1709521637.175724,0
1709521637.199564,1
1709521637.247132,1
1709521637.299555,2
1709521637.337823,2
1709521637.419080,2
1709521637.450830,2
1709521637.477037,2
1709521637.506544,2
1709521637.545932,1
1709521637.581526,2
1709521637.622865,2
1709521637.655945,2
1709521637.708687,2
1709521637.726633,2
1709521637.752137,2
1709521637.777550,3
1709521637.798803,3
1709521637.847462,3
1709521637.878717,4
1709521637.898277,3
1709521637.952588,1
1709521637.973666,3
1709521637.995719,1
1709521638.021678,1
1709521638.052995,3
1709521638.079861,2
1709521638.103189,2
1709521638.159875,2
1709521638.194790,2
1709521638.219140,2
1709521638.259272,2
1709521638.295979,2
1709521638.347421,2
1709521638.396380,1
1709521638.419694,2
1709521638.443043,2
1709521638.464865,2
1709521638.497153,2
1709521638.524877,4
1709521638.551035,3
1709521638.570658,4
1709521638.609220,3
1709521638.643644,5
1709521638.681090,5
1709521638.704281,5
1709521638.725180,6
1709521638.828325,2
1709521638.848376,3
1709521638.879616,3
1709521638.900331,2
1709521638.928476,2
1709521638.974787,2
1709521639.004722,1
1709521639.039924,2
1709521639.060337,2
1709521639.081190,2
1709521639.104261,2
1709521639.129352,2
1709521639.192908,2
1709521639.211945,2
1709521639.231938,2
1709521639.276243,2
1709521639.298861,1
1709521639.323021,1
1709521639.380795,1
1709521639.414552,1
1709521639.467304,2
1709521639.491019,2
1709521639.518982,2
1709521639.565746,2
1709521639.597057,2
1709521639.632942,2
1709521639.672815,2
1709521639.701556,1
1709521639.725783,1
1709521639.776362,2
1709521639.819009,1
1709521639.847964,1
1709521639.876494,1
1709521639.900242,1
1709521639.918383,1
1709521639.938126,1
1709521639.968846,1
1709521639.991032,1
1709521640.012110,1
1709521640.058198,2
1709521640.078523,2
1709521640.129164,2
1709521640.153531,2
1709521640.179193,2
1709521640.230325,1
1709521640.293666,2
1709521640.322861,2
1709521640.373414,2
1709521640.428445,1
1709521640.468662,1
1709521640.507183,2
1709521640.545014,3
1709521640.570404,2
1709521640.596163,3
1709521640.618978,3
1709521640.665576,3
1709521640.687743,3
1709521640.755458,4
1709521640.799851,5
1709521640.822336,4
1709521640.852957,3
1709521640.911400,3
1709521640.956342,2
1709521640.994452,4
1709521641.026438,6
1709521641.056633,5
1709521641.091715,5
1709521641.114777,4
1709521641.135189,5
1709521641.160126,4
1709521641.213104,3
1709521641.269886,4
1709521641.288341,3
1709521641.307986,3
1709521641.332093,4
1709521641.358792,3
1709521641.398256,2
1709521641.433115,2
1709521641.461126,2
1709521641.486200,2
1709521641.544224,1
1709521641.574993,3
1709521641.602777,2
1709521641.635737,2
1709521641.663655,2
1709521641.706118,2
1709521641.726491,2
1709521641.762994,2
1709521641.804668,2
1709521641.829561,2
1709521641.856966,2
1709521641.915397,3
1709521641.939810,3
1709521641.961573,3
1709521641.981229,4
1709521642.027176,3
1709521642.057666,3
1709521642.095829,3
1709521642.124297,2
1709521642.177662,3
1709521642.197176,2
1709521642.232384,1
1709521642.261430,1
1709521642.294770,1
1709521642.361402,2
1709521642.384004,5
1709521642.409369,3
1709521642.432109,2
1709521642.486256,3
1709521642.519382,1
1709521642.581638,3
1709521642.610862,3
1709521642.640008,3
1709521642.700581,2
1709521642.753145,1
1709521642.773380,1
1709521642.792234,1
1709521642.814312,1
1709521642.879787,1
1709521642.948672,2
1709521642.985337,2
1709521643.014568,2
1709521643.038763,3
1709521643.090024,0
1709521643.116861,1
1709521643.136416,1
1709521643.173110,1
1709521643.195592,1
1709521643.238789,1
1709521643.261688,1
1709521643.281978,1
1709521643.303045,1
1709521643.341815,1
1709521643.361560,1
1709521643.394354,2
1709521643.416900,1
1709521643.449818,1
1709521643.472548,1
1709521643.520624,1
1709521643.546848,1
1709521643.568136,1
1709521643.606581,2
1709521643.643067,2
1709521643.713778,3
1709521643.738716,2
1709521643.760524,2
1709521643.823911,3
1709521643.851154,2
1709521643.893941,1
1709521643.928269,2
1709521643.950083,1
1709521643.976280,2
1709521644.015147,0
1709521644.041378,1
1709521644.103075,3
1709521644.124731,3
1709521644.159851,3
1709521644.181507,4
1709521644.219561,3
1709521644.261454,1
1709521644.286639,1
1709521644.346594,1
1709521644.368494,1
1709521644.400033,1
1709521644.471271,2
1709521644.495111,2
1709521644.546057,0
1709521644.582641,0
1709521644.609484,1
1709521644.671107,1
1709521644.711211,2
1709521644.735851,2
1709521644.761357,1
1709521644.819126,4
1709521644.867427,2
1709521644.899665,3
1709521644.931524,3
1709521644.973907,3
1709521645.027050,4
1709521645.069986,3
1709521645.102094,3
1709521645.123617,3
1709521645.160178,3
1709521645.185568,3
1709521645.224333,3
1709521645.246715,4
1709521645.316890,4
1709521645.336645,4
1709521645.356390,4
1709521645.418829,4
1709521645.446374,5
1709521645.508801,5
1709521645.538456,3
1709521645.565825,5
1709521645.628798,5
1709521645.651572,6
1709521645.691381,5
1709521645.714906,5
1709521645.751746,5
1709521645.775733,6
1709521645.820674,5
1709521645.863015,5
1709521645.899802,4
1709521645.931088,4
1709521645.955615,4
1709521646.005094,6
1709521646.025969,4
1709521646.078690,5
1709521646.106561,3
1709521646.135048,3
1709521646.162036,3
1709521646.211066,2
1709521646.231834,2
1709521646.250308,2
1709521646.273222,2
1709521646.326422,2
1709521646.347037,2
1709521646.373889,2
1709521646.399296,3
1709521646.446480,2
1709521646.491166,2
1709521646.529423,5
1709521646.551923,3
1709521646.583793,3
1709521646.611047,4
1709521646.632938,3
1709521646.668308,3
1709521646.695414,3
1709521646.738954,2
1709521646.766024,2
1709521646.800245,2
1709521646.846022,1
1709521646.900660,2
1709521646.932902,2
1709521646.954486,1
1709521647.013907,1
1709521647.034848,1
1709521647.087016,1
1709521647.115629,3
1709521647.151010,1
1709521647.175775,1
1709521647.212443,1
1709521647.252279,2
1709521647.273744,2
1709521647.328915,2
1709521647.358092,2
1709521647.377223,2
1709521647.412660,2
1709521647.432967,3
1709521647.469249,2
1709521647.498534,3
1709521647.549824,3
1709521647.588231,3
1709521647.616569,3
1709521647.638232,4
1709521647.674580,3
1709521647.714433,3
1709521647.744953,4
1709521647.767798,3
1709521647.810475,3
1709521647.863158,4
1709521647.897344,2
1709521647.919527,2
1709521647.948906,2
1709521648.007724,3
1709521648.064301,3
1709521648.094943,3
1709521648.148508,3
1709521648.168360,2
1709521648.211419,2
1709521648.276008,2
1709521648.303446,2
1709521648.331230,1
1709521648.398215,2
1709521648.420411,0
1709521648.453258,0
1709521648.475933,0
1709521648.495557,0
1709521648.543446,0
1709521648.570843,0
1709521648.593498,0
1709521648.624223,0
1709521648.659184,0
1709521648.682236,0
1709521648.704994,0
1709521648.743037,0
1709521648.778644,0
1709521648.808292,0
1709521648.858046,0
1709521648.908373,0
1709521648.931809,0
1709521648.972909,0
1709521649.010532,0
1709521649.030495,0
1709521649.066303,0
1709521649.096749,0
1709521649.119273,0
1709521649.162312,0
1709521649.193899,0
1709521649.216037,0
1709521649.244131,0
1709521649.296451,0
1709521649.342895,0
1709521649.361384,0
1709521649.389291,0
1709521649.412143,0
1709521649.460836,1
1709521649.484633,0
1709521649.523378,0
1709521649.548044,0
1709521649.575206,0
1709521649.596719,0
1709521649.627477,0
1709521649.666146,0
1709521649.698678,0
1709521649.724146,0
1709521649.769323,0
1709521649.792693,0
1709521649.831615,0
1709521649.852805,0
1709521649.938997,0
1709521649.966950,0
1709521649.989172,0
1709521650.009350,0
1709521650.045596,1
1709521650.068133,0
1709521650.089983,0
1709521650.114798,0
1709521650.135859,0
1709521650.157628,0
1709521650.213334,0
1709521650.262218,0
1709521650.284782,0
1709521650.321140,0
1709521650.344309,0
1709521650.399871,0
1709521650.427700,0
1709521650.482689,0
1709521650.519879,0
1709521650.570114,0
1709521650.612612,0
1709521650.656206,0
1709521650.678391,0
1709521650.702682,0
1709521650.723343,0
1709521650.742975,0
1709521650.772323,0
1709521650.795779,0
1709521650.825177,0
1709521650.870957,0
1709521650.892533,0
1709521650.939106,0
1709521650.968066,0
1709521650.987870,0
1709521651.016108,0
1709521651.051075,0
1709521651.073804,0
1709521651.120750,0
1709521651.144169,0
1709521651.171831,0
1709521651.191411,0
1709521651.218490,0
1709521651.258913,0
1709521651.300494,0
1709521651.327874,0
1709521651.363839,0
1709521651.387945,0
1709521651.408222,0
1709521651.450489,0
1709521651.472988,0
1709521651.502019,0
1709521651.537822,0
1709521651.561686,0
1709521651.583560,0
1709521651.623535,0
1709521651.653044,0
1709521651.687212,0
1709521651.708042,0
1709521651.737354,0
1709521651.786093,0
1709521651.835424,0
1709521651.870713,0
1709521651.921054,0
1709521651.973396,0
1709521651.994869,0
1709521652.022424,0
