1709984950.528577,0
1709984950.573503,0
1709984950.635517,4
1709984950.662799,0
1709984950.712688,0
1709984950.733982,0
1709984950.787210,0
1709984950.808338,0
1709984950.825277,0
1709984950.844518,0
1709984950.864575,0
1709984950.883096,0
1709984950.900521,0
1709984950.958777,0
1709984950.985030,0
1709984951.009379,0
1709984951.053897,0
1709984951.073225,0
1709984951.091872,0
1709984951.113863,0
1709984951.134506,0
1709984951.155320,1
1709984951.178005,0
1709984951.203586,0
1709984951.223232,0
1709984951.243426,0
1709984951.291107,0
1709984951.339814,0
1709984951.361827,0
1709984951.381685,0
1709984951.400058,0
1709984951.421280,0
1709984951.447176,0
1709984951.468924,0
1709984951.512149,1
1709984951.532402,0
1709984951.554082,1
1709984951.577821,0
1709984951.595357,0
1709984951.615333,0
1709984951.632807,0
1709984951.655818,0
1709984951.680667,0
1709984951.702727,0
1709984951.724065,0
1709984951.743789,0
1709984951.787300,0
1709984951.839173,0
1709984951.880577,0
1709984951.930607,0
1709984951.951519,1
1709984952.002683,1
1709984952.055780,0
1709984952.089443,0
1709984952.192140,1
1709984952.266877,0
1709984952.345850,1
1709984952.411655,1
1709984952.465866,1
1709984952.518000,0
1709984952.581268,0
1709984952.603801,0
1709984952.627282,0
1709984952.648227,0
1709984952.671661,0
1709984952.692333,0
1709984952.714865,0
1709984952.733561,0
1709984952.759763,0
1709984952.778375,0
1709984952.796771,0
1709984952.819273,0
1709984952.842154,0
1709984952.859117,0
1709984952.912961,0
1709984952.950368,1
1709984952.995695,1
1709984953.019452,0
1709984953.037856,0
1709984953.058901,0
1709984953.084234,0
1709984953.117353,0
1709984953.139945,0
1709984953.157936,0
1709984953.177564,0
1709984953.203577,0
1709984953.228333,0
1709984953.248406,0
1709984953.273559,0
1709984953.292282,0
1709984953.320805,0
1709984953.344748,0
1709984953.370303,0
1709984953.388298,0
1709984953.407027,0
1709984953.424822,0
1709984953.444754,0
1709984953.471137,0
1709984953.497707,0
1709984953.522788,0
1709984953.542884,0
1709984953.560528,0
1709984953.577708,0
1709984953.598361,0
1709984953.619530,0
1709984953.643754,0
1709984953.662323,1
1709984953.682710,1
1709984953.705171,0
1709984953.731101,0
1709984953.757738,0
1709984953.776243,0
1709984953.799904,0
1709984953.828928,0
1709984953.849674,0
1709984953.868085,1
1709984953.891697,0
1709984953.925517,0
1709984953.947169,0
1709984953.966508,0
1709984953.990110,0
1709984954.018029,0
1709984954.041225,0
1709984954.071254,0
1709984954.094384,0
1709984954.114692,0
1709984954.135878,0
1709984954.154498,0
1709984954.175213,0
1709984954.195988,0
1709984954.221224,0
1709984954.240819,0
1709984954.262072,0
1709984954.282027,0
1709984954.302151,0
1709984954.321816,0
1709984954.340700,0
1709984954.366366,0
1709984954.389846,0
1709984954.410046,0
1709984954.438652,0
1709984954.468381,0
1709984954.486781,0
1709984954.507995,0
1709984954.530087,0
1709984954.554273,0
1709984954.585751,0
1709984954.615824,0
1709984954.639498,0
1709984954.664809,0
1709984954.685467,0
1709984954.720287,0
1709984954.744825,0
1709984954.776739,0
1709984954.795861,0
1709984954.821274,0
1709984954.847524,0
1709984954.872340,0
1709984954.898778,0
1709984954.923595,0
1709984954.949648,0
1709984954.972124,0
1709984954.993982,0
1709984955.018948,0
1709984955.035806,0
1709984955.053593,0
1709984955.076386,0
1709984955.095157,0
1709984955.115710,0
1709984955.133800,0
1709984955.152517,0
1709984955.174711,0
1709984955.193669,0
1709984955.218172,0
1709984955.240571,0
1709984955.266164,0
1709984955.288473,0
1709984955.307609,0
1709984955.328455,0
1709984955.347036,0
1709984955.371857,0
1709984955.398054,0
1709984955.416441,0
1709984955.434911,0
1709984955.461297,0
1709984955.486960,0
1709984955.514077,0
1709984955.534310,0
1709984955.554717,0
1709984955.589098,1
1709984955.607338,0
1709984955.630493,0
1709984955.654326,0
1709984955.677376,0
1709984955.695708,0
1709984955.716466,0
1709984955.739635,0
1709984955.762189,0
1709984955.785031,0
1709984955.806798,0
1709984955.825108,0
1709984955.855963,0
1709984955.877610,1
1709984955.899930,0
1709984955.924171,0
1709984955.948972,0
1709984955.967849,0
1709984955.987476,0
1709984956.012560,0
1709984956.032911,0
1709984956.058181,0
1709984956.084393,1
1709984956.104085,0
1709984956.128871,0
1709984956.148342,0
1709984956.171357,0
1709984956.199882,0
1709984956.218467,0
1709984956.241766,0
1709984956.274272,0
1709984956.295602,0
1709984956.314704,0
1709984956.337624,0
1709984956.359797,1
1709984956.381676,0
1709984956.401390,0
1709984956.420193,0
1709984956.440187,0
1709984956.464949,0
1709984956.484573,0
1709984956.504155,0
1709984956.524709,0
1709984956.550500,0
1709984956.567462,0
1709984956.588897,0
1709984956.609109,1
1709984956.627526,0
1709984956.644761,0
1709984956.664873,0
1709984956.684512,0
1709984956.707524,0
1709984956.731679,0
1709984956.752017,0
1709984956.770068,0
1709984956.790767,0
1709984956.809119,0
1709984956.842072,0
1709984956.867903,0
1709984956.887004,0
1709984956.903559,0
1709984956.920362,0
1709984956.939839,0
1709984956.956532,0
1709984956.976209,0
1709984956.997986,0
1709984957.017982,0
1709984957.040406,0
1709984957.065736,0
1709984957.088399,0
1709984957.116109,0
1709984957.135853,0
1709984957.158631,0
1709984957.181327,0
1709984957.199616,1
1709984957.217942,0
1709984957.239814,0
1709984957.264894,0
1709984957.286871,0
1709984957.304746,0
1709984957.324577,0
1709984957.344003,0
1709984957.362017,0
1709984957.383366,0
1709984957.412436,1
1709984957.437943,0
1709984957.463007,0
1709984957.488852,0
1709984957.507675,0
1709984957.525572,0
1709984957.549220,0
1709984957.577459,0
1709984957.601815,0
1709984957.621400,0
1709984957.642937,0
1709984957.663804,0
1709984957.687322,0
1709984957.705724,0
1709984957.731434,0
1709984957.757671,0
1709984957.781983,0
1709984957.805403,0
1709984957.828374,0
1709984957.848835,0
1709984957.875536,0
1709984957.896054,0
1709984957.915734,0
1709984957.942514,0
1709984957.960562,0
1709984957.980826,0
1709984958.001661,0
1709984958.028066,0
1709984958.051524,0
1709984958.073728,0
1709984958.092350,0
1709984958.111015,0
1709984958.128578,0
1709984958.149982,0
1709984958.167926,0
1709984958.200302,0
1709984958.230170,0
1709984958.251188,0
1709984958.269113,0
1709984958.287675,0
1709984958.317579,0
1709984958.338120,0
1709984958.357423,0
1709984958.376826,0
1709984958.397691,0
1709984958.418682,0
1709984958.441656,0
1709984958.470412,0
1709984958.490154,0
1709984958.514973,0
1709984958.534222,0
1709984958.552706,0
1709984958.573056,0
1709984958.597566,0
1709984958.620013,0
1709984958.638607,0
1709984958.658508,0
1709984958.676305,0
1709984958.695793,0
1709984958.720161,0
1709984958.738516,0
1709984958.764052,0
1709984958.788947,0
1709984958.809552,0
1709984958.833879,0
1709984958.858194,0
1709984958.882740,0
1709984958.899755,0
1709984958.922144,0
1709984958.944519,0
1709984958.964287,0
1709984958.994459,0
1709984959.025253,0
1709984959.047308,0
1709984959.066292,1
1709984959.093249,0
1709984959.118576,0
1709984959.140603,0
1709984959.162708,0
1709984959.189572,0
1709984959.215936,0
1709984959.241058,0
1709984959.262632,0
1709984959.284460,0
1709984959.310069,1
1709984959.330975,0
1709984959.351586,0
1709984959.372897,0
1709984959.395164,0
1709984959.416167,0
1709984959.438719,0
1709984959.460497,0
1709984959.483547,0
1709984959.506110,0
1709984959.530792,0
1709984959.552062,0
1709984959.576776,0
1709984959.602556,0
1709984959.623247,0
1709984959.651047,0
1709984959.676990,0
1709984959.698980,0
1709984959.717998,0
1709984959.745748,0
1709984959.771285,0
1709984959.793240,0
1709984959.816282,0
1709984959.838881,0
1709984959.863065,0
1709984959.884231,0
1709984959.906658,0
1709984959.929568,0
1709984959.951538,0
1709984959.975444,0
1709984959.999784,0
1709984960.019237,0
1709984960.038198,0
1709984960.059270,0
1709984960.089005,0
1709984960.114068,0
1709984960.154714,0
1709984960.174331,0
1709984960.200921,0
1709984960.271802,0
1709984960.304966,0
1709984960.325137,0
1709984960.348030,0
1709984960.370244,0
1709984960.406182,0
1709984960.428182,0
1709984960.478717,0
1709984960.503449,0
1709984960.523429,0
1709984960.557469,0
1709984960.583531,0
1709984960.600750,0
1709984960.619001,0
1709984960.637028,0
1709984960.660598,0
1709984960.681423,0
1709984960.717027,0
1709984960.769792,0
1709984960.800164,0
1709984960.857488,0
1709984960.914814,0
1709984960.957878,0
1709984961.009200,0
1709984961.046528,0
1709984961.074697,1
1709984961.136157,0
1709984961.170713,0
1709984961.206240,0
1709984961.246351,0
1709984961.269334,0
1709984961.321492,0
1709984961.341246,0
1709984961.368635,0
1709984961.424918,0
1709984961.457972,0
1709984961.481353,0
1709984961.519264,1
1709984961.545658,0
1709984961.570097,0
1709984961.599337,0
1709984961.665563,0
1709984961.689107,0
1709984961.710918,0
1709984961.743006,0
1709984961.766520,0
1709984961.821939,0
1709984961.864342,0
1709984961.883300,0
1709984961.905710,0
1709984961.926183,0
1709984961.948898,1
1709984961.980211,0
1709984962.042830,0
1709984962.064243,0
1709984962.088446,0
1709984962.117766,0
1709984962.153755,0
1709984962.203866,1
1709984962.222821,0
1709984962.253014,0
1709984962.287529,0
1709984962.328464,0
1709984962.356148,0
1709984962.375216,0
1709984962.419632,0
1709984962.461706,0
1709984962.485613,0
1709984962.507235,0
1709984962.533514,0
1709984962.558604,0
1709984962.605330,0
1709984962.651510,1
1709984962.673856,1
1709984962.696740,0
1709984962.717654,0
1709984962.738412,0
1709984962.766891,0
1709984962.809306,1
1709984962.847838,0
1709984962.872302,0
1709984962.890399,0
1709984962.914520,0
1709984962.934250,0
1709984962.956189,0
1709984962.974983,0
1709984963.003856,0
1709984963.050720,0
1709984963.076510,0
1709984963.105478,1
1709984963.147285,1
1709984963.176550,0
1709984963.198021,0
1709984963.258774,0
1709984963.284544,0
1709984963.313418,0
1709984963.353695,1
1709984963.372129,0
1709984963.389074,0
1709984963.410332,0
1709984963.439567,0
1709984963.457375,0
1709984963.521982,0
1709984963.552234,0
1709984963.580526,0
1709984963.602709,1
1709984963.619807,0
1709984963.639663,0
1709984963.666382,0
1709984963.691072,0
1709984963.758463,1
1709984963.812706,0
1709984963.831929,0
1709984963.851230,0
1709984963.868396,0
1709984963.887588,0
1709984963.908711,0
1709984963.934611,0
1709984963.951802,0
1709984963.983858,0
1709984964.040586,1
1709984964.105139,0
1709984964.124331,1
1709984964.151242,0
1709984964.170607,0
1709984964.193579,0
1709984964.214482,0
1709984964.273674,0
1709984964.318933,1
1709984964.345985,0
1709984964.365806,0
1709984964.385603,0
1709984964.408233,0
1709984964.428643,0
1709984964.447059,0
1709984964.465215,0
1709984964.497322,0
1709984964.515504,0
1709984964.576281,0
1709984964.595561,0
1709984964.618215,0
1709984964.650467,0
1709984964.670133,0
1709984964.689223,0
1709984964.717481,0
1709984964.742220,0
1709984964.793066,0
1709984964.815424,0
1709984964.837961,0
1709984964.862676,0
1709984964.884209,0
1709984964.905741,0
1709984964.926945,0
1709984964.949628,0
1709984964.968956,0
1709984964.995509,0
1709984965.013388,0
1709984965.066322,0
1709984965.145642,0
1709984965.170704,0
1709984965.223003,0
1709984965.274055,0
1709984965.299971,0
1709984965.321404,0
1709984965.341205,0
1709984965.359884,0
1709984965.424130,0
1709984965.459863,1
1709984965.491041,0
1709984965.510672,0
1709984965.578336,0
1709984965.636059,0
1709984965.669105,0
1709984965.714895,0
1709984965.758527,1
1709984965.797512,1
1709984965.834746,0
1709984965.851715,0
1709984965.888588,0
1709984965.916289,0
1709984965.955329,0
1709984965.978054,0
1709984966.007279,0
1709984966.111240,1
1709984966.134108,0
1709984966.161672,0
1709984966.182816,0
1709984966.200099,0
1709984966.228276,0
1709984966.257861,0
1709984966.298708,0
1709984966.320320,0
1709984966.383315,1
1709984966.423404,0
1709984966.451178,0
1709984966.489154,1
1709984966.538060,0
1709984966.574034,0
1709984966.594927,0
1709984966.613519,0
1709984966.636563,0
1709984966.669662,0
1709984966.694050,0
1709984966.721370,0
1709984966.765903,0
1709984966.791850,0
1709984966.808806,0
1709984966.828446,0
1709984966.854639,0
1709984966.877658,0
1709984966.895633,0
1709984966.915190,0
1709984966.933940,0
1709984966.957818,0
1709984967.014449,0
1709984967.036964,0
1709984967.062155,0
1709984967.081613,0
1709984967.102538,1
1709984967.123371,0
1709984967.141439,0
1709984967.160540,0
1709984967.182092,0
1709984967.205799,0
1709984967.225495,0
1709984967.262789,0
1709984967.320504,0
1709984967.403666,0
1709984967.425000,0
1709984967.453355,0
1709984967.485780,0
1709984967.504641,0
1709984967.527858,0
1709984967.555624,0
1709984967.588000,0
1709984967.605279,1
1709984967.641430,0
1709984967.671130,0
1709984967.720532,2
1709984967.749337,0
1709984967.802433,0
1709984967.821454,0
1709984967.839542,0
1709984967.864541,0
1709984967.922144,0
1709984967.945334,0
1709984967.970856,0
1709984967.997037,0
1709984968.019476,0
1709984968.041461,0
1709984968.068197,0
1709984968.088374,0
1709984968.116758,0
1709984968.135931,0
1709984968.153753,0
1709984968.171697,0
1709984968.196150,0
1709984968.214147,0
1709984968.235548,0
1709984968.252672,1
1709984968.291521,0
1709984968.315480,0
1709984968.334005,0
1709984968.355835,0
1709984968.376649,0
1709984968.393078,0
1709984968.421931,0
1709984968.439821,0
1709984968.459115,0
1709984968.478470,0
1709984968.499558,0
1709984968.526947,0
1709984968.554355,0
1709984968.573126,0
1709984968.591086,0
1709984968.614106,0
1709984968.638800,0
1709984968.657542,0
1709984968.677273,0
1709984968.699536,0
1709984968.722631,0
1709984968.744596,0
1709984968.772093,0
1709984968.800068,0
1709984968.822743,0
1709984968.840937,0
1709984968.860586,0
1709984968.882656,0
1709984968.907686,0
1709984968.928433,0
1709984968.950487,0
1709984968.972253,0
1709984968.994736,0
1709984969.014823,0
1709984969.034268,0
1709984969.052113,0
1709984969.075265,0
1709984969.097141,0
1709984969.129348,0
1709984969.148171,0
1709984969.173243,0
1709984969.192173,0
1709984969.212796,0
1709984969.235309,0
1709984969.257064,0
1709984969.276087,0
1709984969.304825,0
1709984969.330430,0
1709984969.351381,0
1709984969.370140,0
1709984969.388559,0
1709984969.407594,0
1709984969.432911,0
1709984969.458555,0
1709984969.479812,0
1709984969.498479,0
1709984969.521092,0
1709984969.538715,0
1709984969.564331,0
1709984969.585106,0
1709984969.605767,0
1709984969.622761,0
1709984969.643919,0
1709984969.668420,0
1709984969.698162,0
1709984969.722287,0
1709984969.748090,0
1709984969.772136,0
1709984969.792781,1
1709984969.812194,0
1709984969.837081,0
1709984969.857413,0
1709984969.886994,0
1709984969.910861,0
1709984969.938722,0
1709984969.960043,0
1709984969.983905,0
1709984970.010253,0
1709984970.035076,0
1709984970.054287,0
1709984970.072333,0
1709984970.096633,1
1709984970.116023,0
1709984970.136525,0
1709984970.167934,0
1709984970.187516,0
1709984970.209314,0
1709984970.236470,0
1709984970.261004,0
1709984970.281063,0
1709984970.307823,0
1709984970.329222,0
1709984970.354842,0
1709984970.390704,0
1709984970.411294,0
1709984970.432716,0
1709984970.452470,0
1709984970.479351,0
1709984970.500004,0
1709984970.523724,0
1709984970.547726,0
1709984970.575802,0
1709984970.599918,0
1709984970.628702,0
1709984970.647626,0
1709984970.666467,0
1709984970.685893,0
1709984970.705937,0
1709984970.727347,0
1709984970.747116,0
1709984970.765339,0
1709984970.785259,0
1709984970.810040,0
1709984970.840139,0
1709984970.865440,0
1709984970.888848,0
1709984970.909759,0
1709984970.934611,0
1709984970.957729,0
1709984970.983180,0
1709984971.005242,0
1709984971.033400,0
1709984971.051217,1
1709984971.070946,0
1709984971.105033,0
1709984971.123945,0
1709984971.151454,0
1709984971.170881,0
1709984971.195796,0
1709984971.217182,0
1709984971.243308,0
1709984971.262914,0
1709984971.287811,0
1709984971.315368,0
1709984971.338745,0
1709984971.360376,0
1709984971.380506,0
1709984971.401451,0
1709984971.419500,0
1709984971.447248,0
1709984971.471085,0
1709984971.501722,0
1709984971.529067,0
1709984971.552962,0
1709984971.577608,0
1709984971.599066,0
1709984971.623182,0
1709984971.648228,0
1709984971.672346,0
1709984971.701963,0
1709984971.719935,0
1709984971.744527,0
1709984971.768297,0
1709984971.791785,0
1709984971.812199,0
1709984971.832500,0
1709984971.853988,0
1709984971.874968,0
1709984971.896667,0
1709984971.917281,0
1709984971.940984,0
1709984971.958745,0
1709984971.977808,0
1709984971.995401,0
1709984972.015165,0
1709984972.033986,0
1709984972.051875,0
1709984972.073021,0
1709984972.096570,0
1709984972.115680,0
1709984972.144514,0
1709984972.165490,0
1709984972.185753,0
1709984972.210856,0
1709984972.232435,0
1709984972.252039,0
1709984972.276796,0
1709984972.302786,0
1709984972.321833,0
1709984972.340368,0
1709984972.365798,0
1709984972.389230,0
1709984972.415591,0
1709984972.438738,0
1709984972.464654,0
1709984972.491812,0
1709984972.517695,0
1709984972.540884,0
1709984972.560455,0
1709984972.578467,0
1709984972.599732,0
1709984972.618154,0
1709984972.636996,0
1709984972.661624,0
1709984972.685719,0
1709984972.711423,0
1709984972.738910,0
1709984972.763114,0
1709984972.788714,0
1709984972.813791,0
1709984972.839864,0
1709984972.859249,0
1709984972.881893,0
1709984972.911264,0
1709984972.933095,0
1709984972.952572,0
1709984972.973118,0
1709984972.998532,0
1709984973.019856,0
1709984973.042349,0
1709984973.063925,0
1709984973.083519,0
1709984973.106075,0
1709984973.124469,0
1709984973.146524,0
1709984973.170118,0
1709984973.187515,0
1709984973.205228,0
1709984973.229097,0
1709984973.253931,0
1709984973.277347,1
1709984973.297253,0
1709984973.315596,0
1709984973.333565,0
1709984973.352328,0
1709984973.371104,0
1709984973.390926,0
1709984973.411871,0
1709984973.435180,0
1709984973.456537,0
1709984973.475913,0
1709984973.497889,0
1709984973.519005,0
1709984973.537250,0
1709984973.561894,0
1709984973.581836,0
1709984973.599844,0
1709984973.618230,0
1709984973.641567,0
1709984973.661233,0
1709984973.687020,0
1709984973.705662,0
1709984973.726864,0
1709984973.746506,0
1709984973.779023,0
1709984973.797060,0
1709984973.823137,0
1709984973.842947,0
1709984973.878595,0
1709984973.897543,0
1709984973.923953,1
1709984973.948962,0
1709984973.971598,0
1709984973.999855,0
1709984974.021760,0
1709984974.042926,0
1709984974.069830,0
1709984974.092860,0
1709984974.112223,0
1709984974.141282,0
1709984974.170218,0
1709984974.192480,0
1709984974.209802,0
1709984974.230946,0
1709984974.250607,0
1709984974.269456,0
1709984974.287867,0
1709984974.305064,0
1709984974.328726,0
1709984974.352670,0
1709984974.371866,0
1709984974.391948,0
1709984974.415819,0
1709984974.438578,0
1709984974.459618,0
1709984974.482506,0
1709984974.507821,0
1709984974.529742,0
1709984974.555791,0
1709984974.578407,0
1709984974.609163,0
1709984974.634607,0
1709984974.660044,0
1709984974.685758,0
1709984974.708212,0
1709984974.728436,0
1709984974.748451,0
1709984974.773638,0
1709984974.797986,0
1709984974.818784,0
1709984974.845544,0
1709984974.872578,0
1709984974.902726,0
1709984974.925077,0
1709984974.944998,0
1709984974.963948,0
1709984974.984696,0
1709984975.011747,0
1709984975.032745,0
1709984975.050776,0
1709984975.075903,0
1709984975.095366,0
1709984975.114547,0
1709984975.137398,0
1709984975.162899,0
1709984975.185766,0
1709984975.210639,0
1709984975.233616,0
1709984975.255631,0
1709984975.276208,0
1709984975.300850,0
1709984975.324890,0
1709984975.356565,0
1709984975.386292,0
1709984975.410282,0
1709984975.430199,0
1709984975.451636,0
1709984975.475134,1
1709984975.495446,0
1709984975.515283,0
1709984975.539911,0
1709984975.564924,0
1709984975.585340,0
1709984975.606071,0
1709984975.626277,0
1709984975.647532,0
1709984975.676655,0
1709984975.702099,0
1709984975.726557,0
1709984975.753654,0
1709984975.773061,0
1709984975.795163,0
1709984975.816164,0
1709984975.836457,0
1709984975.858912,0
1709984975.877915,0
1709984975.902933,1
1709984975.921041,0
1709984975.942459,0
1709984975.967010,0
1709984975.991829,0
1709984976.011228,0
1709984976.034000,0
1709984976.054215,0
1709984976.074165,0
1709984976.092356,0
1709984976.117759,0
1709984976.138669,0
1709984976.158070,0
1709984976.176838,0
1709984976.200969,0
1709984976.225512,0
1709984976.246821,0
1709984976.264626,0
1709984976.292453,0
1709984976.317479,0
1709984976.339951,0
1709984976.357955,0
1709984976.387864,0
1709984976.409764,0
1709984976.439591,0
1709984976.464695,1
1709984976.488353,0
1709984976.506763,0
1709984976.530817,0
1709984976.569096,0
1709984976.591042,0
1709984976.610012,1
1709984976.631903,0
1709984976.674742,0
1709984976.696393,0
1709984976.759425,0
1709984976.809177,0
1709984976.835254,0
1709984976.854923,0
1709984976.883361,0
1709984976.906117,0
1709984976.930856,0
1709984976.985474,1
1709984977.050912,0
1709984977.076290,0
1709984977.129791,0
1709984977.161307,0
1709984977.213168,0
1709984977.237074,0
1709984977.288308,0
1709984977.328327,0
1709984977.354600,0
1709984977.388810,0
1709984977.409176,0
1709984977.436320,0
1709984977.476859,1
1709984977.522336,1
1709984977.547512,0
1709984977.568944,0
1709984977.591461,0
1709984977.622769,0
1709984977.650535,0
1709984977.700330,0
1709984977.722270,0
1709984977.743028,0
1709984977.765470,0
1709984977.788792,0
1709984977.850070,0
1709984977.872105,0
1709984977.893040,0
1709984977.913364,0
1709984977.933609,0
1709984977.957797,0
1709984978.011079,0
1709984978.040735,0
1709984978.064770,0
1709984978.083786,0
1709984978.109246,0
1709984978.127623,0
1709984978.151779,0
1709984978.176681,0
1709984978.196674,0
1709984978.216120,0
1709984978.265347,0
1709984978.328144,0
1709984978.359161,0
1709984978.399413,0
1709984978.427351,0
1709984978.452777,0
1709984978.504520,0
1709984978.530499,0
1709984978.550917,0
1709984978.571074,0
1709984978.591902,0
1709984978.609096,0
1709984978.634655,0
1709984978.679388,0
1709984978.728482,0
1709984978.749260,0
1709984978.772183,0
1709984978.799856,0
1709984978.828403,0
1709984978.851812,0
1709984978.871361,0
1709984978.898805,0
1709984978.972089,0
1709984978.992242,0
1709984979.017012,0
1709984979.040296,0
1709984979.076176,0
1709984979.097524,0
1709984979.146067,0
1709984979.167791,0
1709984979.200716,0
1709984979.238945,1
1709984979.267067,0
1709984979.286276,0
1709984979.312635,0
1709984979.335459,0
1709984979.355561,0
1709984979.390882,0
1709984979.423986,0
1709984979.445451,0
1709984979.467417,0
1709984979.488978,0
1709984979.509771,0
1709984979.533590,0
1709984979.554717,0
1709984979.577774,0
1709984979.633734,0
1709984979.690188,0
1709984979.711890,0
1709984979.731989,0
1709984979.756414,0
1709984979.775187,0
1709984979.795949,0
1709984979.820869,0
1709984979.855624,1
1709984979.909561,0
1709984979.927041,0
1709984979.947188,0
1709984979.966244,0
1709984979.992127,0
1709984980.043293,0
1709984980.079903,0
1709984980.106911,0
1709984980.123718,1
1709984980.168600,0
1709984980.186507,0
1709984980.221108,0
1709984980.256456,0
1709984980.279200,1
1709984980.300077,0
1709984980.318678,0
1709984980.347954,0
1709984980.405031,0
1709984980.425143,0
1709984980.444479,0
1709984980.463843,0
1709984980.482960,0
1709984980.501344,0
1709984980.519013,0
1709984980.540492,0
1709984980.558865,0
1709984980.580128,0
1709984980.663706,0
1709984980.713904,0
1709984980.735271,0
1709984980.760034,0
1709984980.779744,0
1709984980.799879,0
1709984980.821364,0
1709984980.840893,0
1709984980.868191,0
1709984980.897134,0
1709984980.949612,0
1709984980.969512,0
1709984980.996513,0
1709984981.017627,0
1709984981.050007,0
1709984981.070354,0
1709984981.092751,0
1709984981.136069,0
1709984981.168722,0
1709984981.206575,0
1709984981.250698,0
1709984981.303552,1
1709984981.326988,0
1709984981.353702,0
1709984981.376811,0
1709984981.399482,0
1709984981.424411,0
1709984981.461740,0
1709984981.489221,0
1709984981.534831,0
1709984981.557463,0
1709984981.578121,0
1709984981.599566,0
1709984981.618732,0
1709984981.642824,0
1709984981.663035,0
1709984981.687773,0
1709984981.715822,0
1709984981.742323,0
1709984981.788761,0
1709984981.823391,0
1709984981.847085,0
1709984981.868881,0
1709984981.903895,0
1709984981.927330,0
1709984981.946971,0
1709984981.968901,0
1709984981.997649,0
1709984982.044616,0
1709984982.078807,0
1709984982.106771,0
1709984982.126658,0
1709984982.149438,0
1709984982.175487,0
1709984982.197598,0
1709984982.220992,0
1709984982.242129,0
1709984982.264213,0
1709984982.292397,0
1709984982.358342,1
1709984982.421292,1
1709984982.443420,0
1709984982.464863,0
1709984982.489957,0
1709984982.524282,0
1709984982.549688,0
1709984982.574061,0
1709984982.600263,0
1709984982.626256,0
1709984982.652231,0
1709984982.708557,0
1709984982.780404,0
1709984982.802433,0
1709984982.827011,0
1709984982.845943,0
1709984982.864661,0
1709984982.885237,0
1709984982.903664,0
1709984982.924453,0
1709984982.948479,0
1709984982.984060,0
1709984983.027740,0
1709984983.054285,1
1709984983.077383,0
1709984983.099704,0
1709984983.117887,0
1709984983.142737,0
1709984983.167787,0
1709984983.188227,0
1709984983.220009,0
1709984983.252601,0
1709984983.328281,1
1709984983.349658,0
1709984983.367493,0
1709984983.385950,0
1709984983.406197,0
1709984983.427998,0
1709984983.448672,0
1709984983.474497,0
1709984983.494443,0
1709984983.514464,0
1709984983.532289,1
1709984983.551183,0
1709984983.574928,0
1709984983.619295,0
1709984983.679000,1
1709984983.709191,0
1709984983.761615,0
1709984983.783469,0
1709984983.804366,0
1709984983.833026,0
1709984983.851496,1
1709984983.874791,0
1709984983.934660,0
1709984983.954381,0
1709984983.972533,0
1709984983.994702,0
1709984984.016849,0
1709984984.046275,0
1709984984.076046,1
1709984984.123718,0
1709984984.148202,0
1709984984.186623,0
1709984984.211941,0
1709984984.233250,0
1709984984.253202,0
1709984984.275105,1
1709984984.352358,0
1709984984.374809,0
1709984984.404158,0
1709984984.428045,0
1709984984.494548,0
1709984984.514225,0
1709984984.547266,0
1709984984.592007,1
1709984984.626565,1
1709984984.646966,0
1709984984.668909,0
1709984984.696512,0
1709984984.714247,0
1709984984.739454,0
1709984984.758899,0
1709984984.777465,0
1709984984.796483,0
1709984984.818717,0
1709984984.836953,0
1709984984.859008,0
1709984984.879435,0
1709984984.896594,0
1709984984.916269,0
1709984984.934650,0
1709984984.957156,0
1709984984.975089,0
1709984984.993494,0
1709984985.012766,0
1709984985.031589,0
1709984985.049539,0
1709984985.076125,0
1709984985.094610,0
1709984985.116802,0
1709984985.138364,0
1709984985.161012,0
1709984985.182367,0
1709984985.201095,0
1709984985.223928,0
1709984985.247407,0
1709984985.268133,0
1709984985.290532,0
1709984985.311834,0
1709984985.337373,0
1709984985.358825,0
1709984985.387069,0
1709984985.409240,0
1709984985.432755,0
1709984985.453508,0
1709984985.473291,0
1709984985.498402,0
1709984985.516328,0
1709984985.534971,0
1709984985.554719,0
1709984985.574622,0
1709984985.593870,0
1709984985.619035,0
1709984985.639563,0
1709984985.659247,0
1709984985.682659,0
1709984985.704192,0
1709984985.729153,0
1709984985.757126,0
1709984985.778183,0
1709984985.803924,0
1709984985.822810,0
1709984985.843905,0
1709984985.862153,0
1709984985.879560,0
1709984985.903598,0
1709984985.921589,0
1709984985.939938,0
1709984985.960730,0
1709984985.990361,0
1709984986.011461,0
1709984986.031592,0
1709984986.055067,0
1709984986.072680,0
1709984986.091680,0
1709984986.109480,0
1709984986.127836,0
1709984986.147450,0
1709984986.170755,0
1709984986.197391,0
1709984986.221072,0
1709984986.242448,0
1709984986.265953,0
1709984986.285763,0
1709984986.303057,0
1709984986.323474,0
1709984986.341681,0
1709984986.364962,0
1709984986.389103,0
1709984986.411712,0
1709984986.435952,0
1709984986.455760,0
1709984986.474511,0
1709984986.495527,0
1709984986.531434,0
1709984986.562111,0
1709984986.590421,0
1709984986.628167,0
1709984986.654248,0
1709984986.681828,0
1709984986.709234,0
1709984986.768725,0
1709984986.791237,0
1709984986.811428,0
1709984986.842006,0
1709984986.870798,0
1709984986.894836,0
1709984986.916075,0
1709984986.934021,0
1709984986.954071,0
1709984986.971574,0
1709984986.991791,0
1709984987.015665,0
1709984987.041342,0
1709984987.062765,0
1709984987.081782,0
1709984987.101503,0
1709984987.122203,0
1709984987.143593,0
1709984987.161696,0
1709984987.187301,0
1709984987.209190,0
1709984987.231893,0
1709984987.254710,0
1709984987.278322,0
1709984987.296910,0
1709984987.318915,0
1709984987.339495,0
1709984987.362955,0
1709984987.383824,0
1709984987.402582,0
1709984987.427787,0
1709984987.452960,0
1709984987.480039,0
1709984987.498993,0
1709984987.516630,0
1709984987.550192,0
1709984987.571683,0
1709984987.594395,0
1709984987.614589,0
1709984987.632297,0
1709984987.663595,0
1709984987.687557,0
1709984987.704681,0
1709984987.723120,0
1709984987.744187,0
1709984987.763624,0
1709984987.784944,0
1709984987.802787,0
1709984987.820176,0
1709984987.840429,0
1709984987.858393,0
1709984987.877336,0
1709984987.898551,0
1709984987.915411,0
1709984987.936037,0
1709984987.955873,0
1709984987.974943,0
1709984987.992066,0
1709984988.009790,0
1709984988.028255,0
1709984988.049270,0
1709984988.068384,0
1709984988.090577,0
1709984988.117755,0
1709984988.137245,0
1709984988.156002,0
1709984988.174324,0
1709984988.192455,0
1709984988.217040,0
1709984988.234571,0
1709984988.261161,0
1709984988.287475,0
1709984988.310745,0
1709984988.329519,0
1709984988.352447,0
1709984988.377128,0
1709984988.398580,0
1709984988.416190,0
1709984988.434543,0
1709984988.452894,0
1709984988.477223,0
1709984988.496300,0
1709984988.519884,0
1709984988.539580,0
1709984988.562006,0
1709984988.579078,0
1709984988.605111,0
1709984988.627473,0
1709984988.649546,0
1709984988.669906,0
1709984988.690707,0
1709984988.708693,0
1709984988.730974,0
1709984988.756786,0
1709984988.782439,0
1709984988.807661,0
1709984988.831159,0
1709984988.850913,0
1709984988.871889,0
1709984988.894450,0
1709984988.920238,0
1709984988.939901,0
1709984988.959285,0
1709984988.977175,0
1709984989.000143,0
1709984989.024135,0
1709984989.050363,0
1709984989.068933,0
1709984989.087996,0
1709984989.108269,0
1709984989.127036,0
1709984989.143139,0
1709984989.161390,0
1709984989.181143,0
1709984989.199183,0
1709984989.216315,0
1709984989.235811,0
1709984989.252654,0
1709984989.271477,0
1709984989.289627,0
1709984989.308049,0
1709984989.326108,0
1709984989.345886,0
1709984989.368091,0
1709984989.388308,0
1709984989.406989,0
1709984989.426785,0
1709984989.444170,0
1709984989.463289,0
1709984989.481480,0
1709984989.499722,0
1709984989.520767,0
1709984989.540069,0
1709984989.561913,0
1709984989.588092,0
1709984989.606829,0
1709984989.624381,0
1709984989.647588,0
1709984989.667323,0
1709984989.686611,0
1709984989.704093,0
1709984989.725917,0
1709984989.745260,0
1709984989.767013,0
1709984989.785804,0
1709984989.804355,0
1709984989.827009,0
1709984989.847311,0
1709984989.865244,0
1709984989.883423,0
1709984989.901890,0
1709984989.920327,0
1709984989.939382,0
1709984989.957868,0
1709984989.977103,0
1709984989.997525,0
1709984990.017298,0
1709984990.035776,0
1709984990.057589,0
1709984990.085901,0
1709984990.109144,0
1709984990.126652,0
1709984990.154161,0
1709984990.172037,0
1709984990.193897,0
1709984990.219538,0
1709984990.238432,0
1709984990.255892,0
1709984990.273224,0
1709984990.291947,0
1709984990.311519,0
1709984990.333805,0
1709984990.359287,0
1709984990.380563,0
1709984990.398523,0
1709984990.421091,0
1709984990.438488,0
1709984990.457015,0
1709984990.477656,0
1709984990.496125,0
1709984990.518621,0
1709984990.539907,0
1709984990.557990,0
1709984990.579633,0
1709984990.599060,0
1709984990.618024,0
1709984990.635326,0
1709984990.655286,0
1709984990.675371,0
1709984990.697779,0
1709984990.716150,0
1709984990.735418,0
1709984990.762314,0
1709984990.785478,0
1709984990.807030,0
1709984990.826526,0
1709984990.843520,0
1709984990.861865,0
1709984990.882346,0
1709984990.905518,0
1709984990.926681,0
1709984990.954527,0
1709984990.972870,0
1709984990.990421,0
1709984991.016442,0
1709984991.036158,0
1709984991.055245,0
1709984991.075236,0
1709984991.097046,0
1709984991.115547,0
1709984991.138731,0
1709984991.162935,0
1709984991.185353,0
1709984991.203270,0
1709984991.228036,0
1709984991.250074,0
1709984991.269721,0
1709984991.289002,0
1709984991.308540,0
1709984991.330584,0
1709984991.354751,0
1709984991.375502,0
1709984991.393827,0
1709984991.420984,0
1709984991.445719,0
1709984991.468625,0
1709984991.488159,0
1709984991.509969,0
1709984991.531727,0
1709984991.558095,0
1709984991.579328,0
1709984991.599166,0
1709984991.621922,0
1709984991.640395,0
1709984991.658669,0
1709984991.677408,0
1709984991.698853,0
1709984991.716938,0
1709984991.736549,0
1709984991.755765,0
1709984991.775481,0
1709984991.793873,0
1709984991.819211,0
1709984991.837528,0
1709984991.865595,0
1709984991.886877,0
1709984991.917261,0
1709984991.941720,0
1709984991.965242,0
1709984991.983397,0
1709984992.001474,0
1709984992.023016,0
1709984992.042705,0
1709984992.061353,0
1709984992.086279,0
1709984992.105600,0
1709984992.123868,0
1709984992.142508,0
1709984992.170148,0
1709984992.192572,0
1709984992.218250,0
1709984992.250169,0
1709984992.270921,0
1709984992.291673,0
1709984992.309672,0
1709984992.328610,0
1709984992.348209,0
1709984992.367795,0
1709984992.387583,0
1709984992.412043,0
1709984992.432939,0
1709984992.458033,0
1709984992.477128,0
1709984992.499680,0
1709984992.528238,0
1709984992.548027,0
1709984992.570452,0
1709984992.591178,0
1709984992.608690,0
1709984992.634710,0
1709984992.658007,0
1709984992.679371,0
1709984992.699250,0
1709984992.720586,0
1709984992.740367,0
1709984992.765658,0
1709984992.786362,0
1709984992.804511,0
1709984992.831661,0
1709984992.858675,0
1709984992.877575,0
1709984992.896022,0
1709984992.917242,0
1709984992.935166,0
1709984992.953780,0
1709984992.972159,0
1709984992.993235,0
1709984993.011356,0
1709984993.030958,0
1709984993.063518,0
1709984993.089351,0
1709984993.108725,0
1709984993.127980,0
1709984993.151486,0
1709984993.173590,0
1709984993.195658,0
1709984993.217374,0
1709984993.234797,0
1709984993.254149,0
1709984993.278126,0
1709984993.299280,0
1709984993.319814,0
1709984993.345323,0
1709984993.374933,0
1709984993.392747,0
1709984993.411167,0
1709984993.430444,0
1709984993.458521,0
1709984993.480404,0
1709984993.505806,0
1709984993.527985,0
1709984993.553655,0
1709984993.574464,0
1709984993.595905,0
1709984993.614439,0
1709984993.636281,0
1709984993.658426,1
1709984993.678757,0
1709984993.701358,0
1709984993.722470,0
1709984993.740216,0
1709984993.762522,0
1709984993.785581,0
1709984993.811558,0
1709984993.839003,0
1709984993.862188,0
1709984993.882758,0
1709984993.903721,0
1709984993.929861,0
1709984993.950901,0
1709984993.970859,0
1709984993.987916,0
1709984994.009786,0
1709984994.033573,0
1709984994.051829,0
1709984994.075076,0
1709984994.094537,0
1709984994.118986,0
1709984994.139181,0
1709984994.160696,0
1709984994.185916,0
1709984994.207293,0
1709984994.230706,0
1709984994.248916,0
1709984994.269973,0
1709984994.288563,0
1709984994.306720,0
1709984994.326901,0
1709984994.346774,0
1709984994.368325,0
1709984994.389409,0
1709984994.409516,0
1709984994.429957,0
1709984994.450972,0
1709984994.470424,0
1709984994.491347,0
1709984994.509748,0
1709984994.530129,0
1709984994.548722,0
1709984994.570246,0
1709984994.589109,0
1709984994.610950,0
1709984994.629471,0
1709984994.654625,0
1709984994.673918,0
1709984994.692603,0
1709984994.715535,0
1709984994.735369,0
1709984994.758437,0
1709984994.778971,0
1709984994.796900,0
1709984994.817653,0
1709984994.842197,0
1709984994.862428,0
1709984994.888715,0
1709984994.908323,0
1709984994.927902,0
1709984994.947909,0
1709984994.971856,0
1709984994.993820,0
1709984995.026644,0
1709984995.100915,0
1709984995.144188,0
1709984995.166991,0
1709984995.186269,0
1709984995.216285,0
1709984995.245802,0
1709984995.265017,0
1709984995.285778,0
1709984995.303627,0
1709984995.322603,0
1709984995.344829,0
1709984995.363554,0
1709984995.383332,0
1709984995.402323,0
1709984995.425116,0
1709984995.446960,0
1709984995.468647,0
1709984995.486982,0
1709984995.507415,0
1709984995.529436,0
1709984995.555375,0
1709984995.575927,0
1709984995.598939,0
1709984995.619190,0
1709984995.643577,0
1709984995.672862,0
1709984995.690798,0
1709984995.712900,0
1709984995.751410,0
1709984995.771962,0
1709984995.794141,0
1709984995.812969,0
1709984995.832405,0
1709984995.852732,0
1709984995.873722,0
1709984995.893071,0
1709984995.915274,0
1709984995.934042,0
1709984995.956254,0
1709984995.975992,0
1709984995.996283,0
1709984996.016059,0
1709984996.041758,0
1709984996.066578,0
1709984996.090687,0
1709984996.111715,0
1709984996.130025,0
1709984996.153975,0
1709984996.174996,0
1709984996.193286,0
1709984996.218711,0
1709984996.256316,0
1709984996.273816,0
1709984996.296515,0
1709984996.318128,0
1709984996.342139,0
1709984996.359956,0
1709984996.380248,0
1709984996.405307,0
1709984996.425902,0
1709984996.448183,0
1709984996.470297,0
1709984996.490216,0
1709984996.514029,0
1709984996.534216,0
1709984996.560559,0
1709984996.580081,0
1709984996.607080,0
1709984996.627240,0
1709984996.657227,0
1709984996.682739,0
1709984996.710236,0
1709984996.734892,0
1709984996.754466,0
1709984996.780211,0
1709984996.803903,0
1709984996.821837,0
1709984996.839329,0
1709984996.890976,0
1709984996.909891,0
1709984996.929816,0
1709984996.962247,0
1709984997.022304,0
1709984997.041465,0
1709984997.062620,0
1709984997.083601,0
1709984997.103873,0
1709984997.123981,0
1709984997.143849,0
1709984997.164826,0
1709984997.187516,0
1709984997.208847,1
1709984997.231214,0
1709984997.251675,0
1709984997.275449,0
1709984997.295113,0
1709984997.312044,0
1709984997.340245,0
1709984997.360366,0
1709984997.384342,0
1709984997.405323,0
1709984997.427195,0
1709984997.444680,0
1709984997.463666,0
1709984997.482069,0
1709984997.501621,0
1709984997.522337,0
1709984997.541712,0
1709984997.561393,0
1709984997.579914,0
1709984997.598009,0
1709984997.617974,0
1709984997.637481,0
1709984997.661870,0
1709984997.682399,0
1709984997.700229,0
1709984997.720104,0
1709984997.743861,0
1709984997.767186,0
1709984997.789516,0
1709984997.814812,0
1709984997.834089,0
1709984997.867347,0
1709984997.886368,0
1709984997.907244,0
1709984997.929811,0
1709984997.951549,0
1709984997.972011,0
1709984997.990723,0
1709984998.009043,0
1709984998.033593,0
1709984998.056919,0
1709984998.082976,0
1709984998.110528,0
1709984998.135263,0
1709984998.175594,0
1709984998.237669,0
1709984998.257291,0
1709984998.276768,0
1709984998.298420,0
1709984998.317183,0
1709984998.343471,0
1709984998.367291,0
1709984998.385834,0
1709984998.403421,0
1709984998.420620,0
1709984998.439417,0
1709984998.463341,0
1709984998.482507,0
1709984998.501585,0
1709984998.521406,0
1709984998.540493,0
1709984998.558120,0
1709984998.578854,0
1709984998.603057,0
1709984998.620864,0
1709984998.637770,0
1709984998.675140,0
1709984998.718079,0
1709984998.739933,0
1709984998.793957,0
1709984998.813647,0
1709984998.833405,0
1709984998.855253,0
1709984998.875946,0
1709984998.896620,0
1709984998.918230,0
1709984998.941396,0
1709984998.966337,0
1709984998.984359,0
1709984999.005624,0
1709984999.030644,0
1709984999.051908,0
1709984999.078391,0
1709984999.097850,0
1709984999.115960,0
1709984999.133249,0
1709984999.184862,0
1709984999.215335,0
1709984999.239337,0
1709984999.267668,0
1709984999.313046,0
1709984999.333816,0
1709984999.372285,0
1709984999.394641,0
1709984999.415217,0
1709984999.435111,0
1709984999.455731,0
1709984999.480355,0
1709984999.503743,0
1709984999.525784,0
1709984999.545575,0
1709984999.569508,0
1709984999.594465,0
1709984999.618025,0
1709984999.641863,0
1709984999.659516,0
1709984999.717844,0
1709984999.736567,0
1709984999.761455,0
1709984999.803405,0
1709984999.856990,0
1709984999.877182,0
1709984999.894785,0
1709984999.920624,0
1709984999.939019,0
1709984999.961521,0
1709984999.980806,0
1709985000.000077,0
1709985000.018181,0
1709985000.042720,0
1709985000.063189,0
1709985000.083284,0
1709985000.100990,0
1709985000.122612,0
1709985000.145533,0
1709985000.164279,0
1709985000.186256,0
1709985000.209441,0
1709985000.227802,0
1709985000.249154,0
1709985000.273536,0
1709985000.295870,0
1709985000.319895,0
1709985000.339917,0
1709985000.358096,0
1709985000.377858,0
1709985000.398407,0
1709985000.417167,1
1709985000.439364,0
1709985000.458327,0
1709985000.476623,0
1709985000.496527,0
1709985000.517483,0
1709985000.539966,0
1709985000.562782,0
1709985000.584176,0
1709985000.605632,0
1709985000.625977,0
1709985000.645917,0
1709985000.673789,0
1709985000.698831,0
1709985000.721851,0
1709985000.739669,0
1709985000.759869,0
1709985000.779933,0
1709985000.800529,0
1709985000.825216,0
1709985000.845269,0
1709985000.865749,0
1709985000.891159,0
1709985000.910874,0
1709985000.931664,0
1709985000.952108,0
1709985000.978071,0
1709985000.999045,0
1709985001.018117,0
1709985001.037294,0
1709985001.068148,0
1709985001.095624,0
1709985001.112456,0
1709985001.134572,0
1709985001.153117,0
1709985001.174094,0
1709985001.195714,0
1709985001.215552,0
1709985001.238054,0
1709985001.277969,0
1709985001.299363,0
1709985001.320220,0
1709985001.340483,0
1709985001.362115,0
1709985001.384342,0
1709985001.407201,0
1709985001.432503,0
1709985001.450692,0
1709985001.473800,0
1709985001.497319,0
1709985001.515806,0
1709985001.534571,0
1709985001.558515,0
1709985001.576179,0
1709985001.598104,0
1709985001.621306,0
1709985001.670443,0
1709985001.702157,0
1709985001.721226,0
1709985001.773968,0
1709985001.794119,0
1709985001.813868,0
1709985001.839118,0
1709985001.866946,0
1709985001.888426,0
1709985001.909425,0
1709985001.932520,0
1709985001.955285,0
1709985001.974051,0
1709985001.992672,0
1709985002.019983,0
1709985002.088481,0
1709985002.107654,0
1709985002.134493,0
1709985002.187537,0
1709985002.229991,0
1709985002.250115,0
1709985002.272483,0
1709985002.292705,0
1709985002.316837,0
1709985002.344630,0
1709985002.366424,0
1709985002.386579,0
1709985002.408166,0
1709985002.432373,0
1709985002.455571,0
1709985002.474797,0
1709985002.518650,0
1709985002.576254,0
1709985002.595340,0
1709985002.648674,0
1709985002.672430,0
1709985002.692469,0
1709985002.714085,0
1709985002.734947,0
1709985002.754047,0
1709985002.772476,0
1709985002.792492,0
1709985002.815091,0
1709985002.836269,0
1709985002.861736,0
1709985002.879671,0
1709985002.899203,0
1709985002.918913,0
1709985002.940182,0
1709985002.965236,0
1709985002.983145,0
1709985003.009010,0
1709985003.033415,0
1709985003.054676,0
1709985003.074448,0
1709985003.092907,0
1709985003.111914,0
1709985003.135354,0
1709985003.153360,0
1709985003.174013,0
1709985003.195245,0
1709985003.216957,0
1709985003.236236,0
1709985003.256913,0
1709985003.276279,0
1709985003.298166,0
1709985003.316873,0
1709985003.342809,0
1709985003.361709,0
1709985003.382255,0
1709985003.410200,0
1709985003.434337,0
1709985003.452630,0
1709985003.477726,0
1709985003.506798,0
1709985003.530573,0
1709985003.552088,0
1709985003.572379,0
1709985003.590997,0
1709985003.610611,0
1709985003.634001,0
1709985003.654568,0
1709985003.675092,0
1709985003.728504,0
1709985003.754720,0
1709985003.773247,0
1709985003.831806,0
1709985003.855091,0
1709985003.874074,0
1709985003.894620,0
1709985003.911353,0
1709985003.933238,0
1709985003.953276,0
1709985003.977796,0
1709985004.005116,0
1709985004.026979,0
1709985004.046695,0
1709985004.064770,0
1709985004.082571,0
1709985004.100202,0
1709985004.117767,0
1709985004.136048,0
1709985004.157474,0
1709985004.178484,0
1709985004.198296,0
1709985004.218273,0
1709985004.240354,0
1709985004.259483,0
1709985004.289394,0
1709985004.308171,0
1709985004.326618,0
1709985004.346650,0
1709985004.365460,0
1709985004.383897,0
1709985004.400466,0
1709985004.436517,0
1709985004.459440,0
1709985004.479668,0
1709985004.518090,0
1709985004.537893,0
1709985004.556626,0
1709985004.583468,0
1709985004.606099,0
1709985004.625494,0
1709985004.654423,0
1709985004.682899,1
1709985004.701835,0
1709985004.721495,0
1709985004.742909,0
1709985004.762341,0
1709985004.786228,0
1709985004.803640,0
1709985004.823650,0
1709985004.845885,0
1709985004.867820,0
1709985004.890681,0
1709985004.911472,0
1709985004.933923,0
1709985004.957861,0
1709985004.988063,0
1709985005.007940,0
1709985005.026693,0
1709985005.044169,0
1709985005.065904,0
1709985005.085943,0
1709985005.125536,0
1709985005.144786,0
1709985005.165460,0
1709985005.187393,0
1709985005.207795,0
1709985005.234838,0
1709985005.254888,0
1709985005.275987,0
1709985005.303797,0
1709985005.322479,0
1709985005.339739,0
1709985005.367064,0
1709985005.387607,0
1709985005.412270,0
1709985005.437415,0
1709985005.458816,0
1709985005.477467,0
1709985005.502513,0
1709985005.525009,0
1709985005.546937,0
1709985005.570216,0
1709985005.590961,0
1709985005.609935,0
1709985005.631010,0
1709985005.658700,0
1709985005.676989,0
1709985005.701415,0
1709985005.721364,0
1709985005.740367,0
1709985005.763993,0
1709985005.786473,0
1709985005.806563,0
1709985005.827515,0
1709985005.848701,0
1709985005.874002,0
1709985005.899672,0
1709985005.918882,0
1709985005.938321,0
1709985005.958540,0
1709985005.983331,0
1709985006.002752,0
1709985006.031717,0
1709985006.050528,0
1709985006.079644,0
1709985006.104924,0
1709985006.123938,0
1709985006.149474,0
1709985006.167393,0
1709985006.188560,0
1709985006.207513,0
1709985006.228369,0
1709985006.250178,0
1709985006.276096,0
1709985006.301350,0
1709985006.319578,0
1709985006.338356,0
1709985006.358799,0
1709985006.377765,0
1709985006.400261,0
1709985006.422483,0
1709985006.439663,0
1709985006.458443,0
1709985006.478927,0
1709985006.501240,0
1709985006.518886,0
1709985006.536674,0
1709985006.557958,0
1709985006.577797,0
1709985006.596540,0
1709985006.619150,0
1709985006.643388,0
1709985006.663010,0
1709985006.687958,0
1709985006.707011,0
1709985006.728467,0
1709985006.748213,0
1709985006.768221,0
1709985006.788485,0
1709985006.810268,0
1709985006.833330,0
1709985006.853726,0
1709985006.876269,0
1709985006.895286,0
1709985006.914755,0
1709985006.934619,0
1709985006.954364,0
1709985006.973571,0
1709985006.999330,0
1709985007.024493,1
1709985007.048042,0
1709985007.068002,0
1709985007.089782,0
1709985007.111199,0
1709985007.128534,0
1709985007.148319,0
1709985007.168045,0
1709985007.187427,0
1709985007.206370,0
1709985007.229152,0
1709985007.247784,0
1709985007.276126,0
1709985007.298298,0
1709985007.320405,0
1709985007.343049,0
1709985007.370135,0
1709985007.390334,0
1709985007.417143,0
1709985007.438332,0
1709985007.459501,0
1709985007.477172,0
1709985007.498201,0
1709985007.519273,0
1709985007.538985,0
1709985007.558765,0
1709985007.577937,0
1709985007.600319,0
1709985007.628268,0
1709985007.646825,0
1709985007.667316,0
1709985007.687320,0
1709985007.706156,0
1709985007.730128,0
1709985007.749277,0
1709985007.770057,0
1709985007.789070,0
1709985007.807983,0
1709985007.831860,0
1709985007.849594,0
1709985007.869483,0
1709985007.887874,0
1709985007.911050,0
1709985007.928743,0
1709985007.954461,0
1709985007.978558,0
1709985007.998726,0
1709985008.017133,0
1709985008.039686,0
1709985008.059403,0
1709985008.079559,0
1709985008.098421,0
1709985008.118029,0
1709985008.136835,0
1709985008.156194,0
1709985008.174437,0
1709985008.193293,0
1709985008.215115,0
1709985008.234045,0
1709985008.251737,0
1709985008.269606,0
1709985008.287942,0
1709985008.312714,0
1709985008.337116,0
1709985008.361824,0
1709985008.380163,0
1709985008.403121,0
1709985008.426190,0
1709985008.448642,0
1709985008.472830,0
1709985008.495699,0
1709985008.513761,0
1709985008.534392,0
1709985008.561434,0
1709985008.585669,0
1709985008.604264,0
1709985008.627980,0
1709985008.648451,0
1709985008.671220,0
1709985008.690461,0
1709985008.713224,0
1709985008.734393,0
1709985008.753706,0
1709985008.771722,0
1709985008.792874,0
1709985008.817531,0
1709985008.841939,0
1709985008.861843,0
1709985008.879801,0
1709985008.901208,0
1709985008.927517,0
1709985008.944075,0
1709985008.964562,0
1709985008.985144,0
1709985009.010999,0
1709985009.031495,0
1709985009.053095,0
1709985009.078954,0
1709985009.098402,0
1709985009.124924,0
1709985009.145740,0
1709985009.168794,0
1709985009.194563,0
1709985009.213412,0
1709985009.236010,0
1709985009.255939,0
1709985009.282516,0
1709985009.311129,0
1709985009.332954,0
1709985009.350637,0
1709985009.368780,0
1709985009.385337,0
1709985009.406066,0
1709985009.435427,0
1709985009.454532,0
1709985009.471969,0
1709985009.490052,0
1709985009.513624,0
1709985009.533677,0
1709985009.553006,0
1709985009.571653,0
1709985009.589950,0
1709985009.607947,0
1709985009.626601,0
1709985009.647526,0
1709985009.676158,0
1709985009.694526,0
1709985009.718344,0
1709985009.740206,0
1709985009.760385,0
1709985009.780241,0
1709985009.799943,0
1709985009.822781,0
1709985009.841032,0
1709985009.858349,0
1709985009.880509,0
1709985009.899252,0
1709985009.918019,0
1709985009.939697,0
1709985009.960366,0
1709985009.978289,0
1709985009.997996,0
1709985010.023609,0
1709985010.041676,0
1709985010.066860,0
1709985010.087988,0
1709985010.107517,0
1709985010.126289,0
1709985010.150265,0
1709985010.175740,0
1709985010.196918,0
1709985010.214633,0
1709985010.237696,0
1709985010.259208,0
1709985010.283826,0
1709985010.312554,0
1709985010.330067,0
1709985010.351193,0
1709985010.369732,0
1709985010.393727,0
1709985010.412300,0
1709985010.432951,0
1709985010.450283,0
1709985010.470834,0
1709985010.492094,0
1709985010.512044,0
1709985010.532299,0
1709985010.556233,0
1709985010.577955,0
1709985010.605309,0
1709985010.626510,0
1709985010.650812,0
1709985010.670735,0
1709985010.691385,0
1709985010.711821,0
1709985010.731375,0
1709985010.754398,0
1709985010.779187,0
1709985010.803567,0
1709985010.825455,0
1709985010.844014,0
1709985010.861450,0
1709985010.878870,0
1709985010.902709,0
1709985010.925823,0
1709985010.944969,0
1709985010.971271,0
1709985011.001742,0
1709985011.034277,0
1709985011.059677,0
1709985011.079641,0
1709985011.101855,0
1709985011.125714,0
1709985011.149403,0
1709985011.170797,0
1709985011.192778,0
1709985011.214896,0
1709985011.237998,0
1709985011.257365,0
1709985011.275706,0
1709985011.303689,0
1709985011.321759,0
1709985011.342393,0
1709985011.371873,0
1709985011.394709,0
1709985011.418509,0
1709985011.440825,0
1709985011.465360,0
1709985011.483743,0
1709985011.502365,0
1709985011.520033,0
1709985011.540916,0
1709985011.568962,0
1709985011.590386,0
1709985011.613788,0
1709985011.632992,0
1709985011.652191,0
1709985011.680946,0
1709985011.707283,0
1709985011.725231,0
1709985011.744452,0
1709985011.772740,0
1709985011.793848,1
1709985011.813277,0
1709985011.830770,0
1709985011.853801,0
1709985011.877445,0
1709985011.898979,0
1709985011.918143,0
1709985011.946509,0
1709985011.968092,0
1709985011.994753,0
1709985012.016074,0
1709985012.040516,0
1709985012.061694,0
1709985012.083435,0
1709985012.103266,0
1709985012.121044,0
1709985012.140960,0
1709985012.161619,0
1709985012.184313,0
1709985012.202603,0
1709985012.226976,0
1709985012.244070,0
1709985012.266283,0
1709985012.289186,0
1709985012.310518,0
1709985012.329514,0
1709985012.347602,0
1709985012.365832,0
1709985012.387335,0
1709985012.408621,0
1709985012.434995,0
1709985012.453836,0
1709985012.475230,0
1709985012.496701,0
1709985012.523216,0
1709985012.541260,0
1709985012.562937,0
1709985012.585600,0
1709985012.606618,0
1709985012.624480,0
1709985012.650166,0
1709985012.674932,0
1709985012.697522,0
1709985012.717448,0
1709985012.738137,0
1709985012.758391,0
1709985012.784784,0
1709985012.808239,0
1709985012.829810,0
1709985012.856247,0
1709985012.877482,0
1709985012.897342,0
1709985012.916141,0
1709985012.939086,0
1709985012.963364,0
1709985012.982949,0
1709985013.000577,0
1709985013.018374,0
1709985013.037854,0
1709985013.056984,0
1709985013.076813,0
1709985013.098308,0
1709985013.118651,0
1709985013.139828,0
1709985013.160697,0
1709985013.178317,0
1709985013.201398,0
1709985013.219422,0
1709985013.243027,0
1709985013.261300,0
1709985013.286934,0
1709985013.307186,0
1709985013.330128,0
1709985013.350937,0
1709985013.373482,0
1709985013.403600,0
1709985013.425178,0
1709985013.445508,0
1709985013.463592,0
1709985013.483366,0
1709985013.505224,0
1709985013.528442,0
1709985013.551740,0
1709985013.572730,0
1709985013.591205,0
1709985013.609225,0
1709985013.633325,0
1709985013.654166,0
1709985013.672679,0
1709985013.690459,0
1709985013.710389,0
1709985013.745146,0
1709985013.765574,0
1709985013.788459,0
1709985013.814251,0
1709985013.834702,0
1709985013.852709,0
1709985013.870527,0
1709985013.888869,0
1709985013.911873,0
1709985013.932564,1
1709985013.955282,0
1709985013.974988,0
1709985013.994543,0
1709985014.012475,0
1709985014.030594,0
1709985014.055566,0
1709985014.074176,0
1709985014.097013,0
1709985014.117124,0
1709985014.150266,0
1709985014.176144,0
1709985014.199429,0
1709985014.218186,0
1709985014.236943,0
1709985014.260423,0
1709985014.281114,0
1709985014.299601,0
1709985014.318433,0
1709985014.346639,0
1709985014.363505,0
1709985014.398842,0
1709985014.419035,0
1709985014.442482,0
1709985014.465941,0
1709985014.488256,0
1709985014.509603,0
1709985014.530531,0
1709985014.549158,0
1709985014.569577,0
1709985014.588293,0
1709985014.613558,0
1709985014.636925,0
1709985014.658988,0
1709985014.683669,0
1709985014.706136,0
1709985014.726609,0
1709985014.749141,0
1709985014.772661,0
1709985014.796041,0
1709985014.814476,0
1709985014.833202,0
1709985014.855266,0
1709985014.875306,0
1709985014.894007,0
1709985014.914443,0
1709985014.934205,0
1709985014.958703,0
1709985014.978661,0
1709985014.996671,0
1709985015.022048,0
1709985015.041556,0
1709985015.061088,0
1709985015.079855,0
1709985015.103932,0
1709985015.123981,0
1709985015.142103,0
1709985015.159856,0
1709985015.182815,0
1709985015.204560,0
1709985015.224252,0
1709985015.242840,0
1709985015.263165,0
1709985015.283102,0
1709985015.302693,0
1709985015.323807,0
1709985015.342256,0
1709985015.364036,0
1709985015.395521,0
1709985015.425741,0
1709985015.446151,0
1709985015.464304,0
1709985015.481580,0
1709985015.502187,0
1709985015.523056,0
1709985015.547129,0
1709985015.571361,0
1709985015.592119,0
1709985015.610936,0
1709985015.630661,0
1709985015.649795,0
1709985015.670408,0
1709985015.688975,0
1709985015.717010,0
1709985015.737786,0
1709985015.757421,0
1709985015.774785,0
1709985015.793194,0
1709985015.811410,0
1709985015.835987,0
1709985015.862300,0
1709985015.879902,0
1709985015.900087,0
1709985015.919051,0
1709985015.938719,0
1709985015.957104,0
1709985015.978780,0
1709985016.001309,0
1709985016.020360,0
1709985016.039325,0
1709985016.063901,0
1709985016.083502,0
1709985016.110015,0
1709985016.129123,0
1709985016.148262,0
1709985016.170540,0
1709985016.188116,0
1709985016.220070,0
1709985016.245385,0
1709985016.264951,0
1709985016.283698,0
1709985016.303550,0
1709985016.322175,0
1709985016.344604,0
1709985016.362969,0
1709985016.382890,0
1709985016.405136,0
1709985016.429452,0
1709985016.447410,0
1709985016.474909,0
1709985016.494754,0
1709985016.512943,0
1709985016.531554,0
1709985016.550337,0
1709985016.569446,0
1709985016.591131,0
1709985016.613798,0
1709985016.641330,0
1709985016.658707,0
1709985016.676609,0
1709985016.698249,0
1709985016.719408,0
1709985016.742253,0
1709985016.766363,0
1709985016.792078,0
1709985016.811007,0
1709985016.829429,0
1709985016.856472,0
1709985016.873587,0
1709985016.891427,0
1709985016.910276,0
1709985016.931165,0
1709985016.948729,0
1709985016.974036,0
1709985016.993132,0
1709985017.023826,0
1709985017.042740,0
1709985017.067890,0
1709985017.090487,0
1709985017.108709,0
1709985017.127071,0
1709985017.145378,0
1709985017.165436,0
1709985017.184238,0
1709985017.203230,0
1709985017.221045,0
1709985017.241707,0
1709985017.265968,0
1709985017.285812,0
1709985017.311824,0
1709985017.331309,0
1709985017.358042,0
1709985017.377381,0
1709985017.401141,0
1709985017.421864,0
1709985017.445965,0
1709985017.466764,0
1709985017.487346,0
1709985017.510727,0
1709985017.534022,0
1709985017.552009,0
1709985017.570647,0
1709985017.591401,0
1709985017.621370,0
1709985017.640095,0
1709985017.659326,0
1709985017.684753,0
1709985017.712430,0
1709985017.733084,0
1709985017.760771,0
1709985017.800226,0
1709985017.848780,0
1709985017.884497,0
1709985017.914421,0
1709985018.003255,0
1709985018.039959,0
1709985018.084596,0
1709985018.140378,0
1709985018.183503,0
1709985018.237056,0
1709985018.272376,0
1709985018.337851,0
1709985018.375400,0
1709985018.427392,0
1709985018.461497,0
1709985018.504185,0
1709985018.527356,0
1709985018.545693,0
1709985018.563770,0
1709985018.582836,0
1709985018.614479,0
1709985018.637648,0
1709985018.657826,0
1709985018.676588,0
1709985018.697487,0
1709985018.717931,0
1709985018.738930,0
1709985018.765705,0
1709985018.788061,0
1709985018.847953,0
1709985018.869966,0
1709985018.891045,0
1709985018.909073,0
1709985018.929810,0
1709985018.948818,0
1709985018.967800,0
1709985018.989531,0
1709985019.015877,0
1709985019.037377,0
1709985019.056543,0
1709985019.087223,0
1709985019.108005,0
1709985019.131809,0
1709985019.151836,0
1709985019.170607,0
1709985019.189555,0
1709985019.214926,0
1709985019.236946,0
1709985019.273918,0
1709985019.293526,0
1709985019.315834,0
1709985019.333272,0
1709985019.353642,0
1709985019.371944,0
1709985019.396857,0
1709985019.417836,0
1709985019.441519,0
1709985019.462136,0
1709985019.480284,0
1709985019.499427,0
1709985019.517916,0
1709985019.542990,0
1709985019.564026,0
1709985019.581973,0
1709985019.602937,0
1709985019.627799,0
1709985019.649870,0
1709985019.675530,0
1709985019.692944,0
1709985019.712816,0
1709985019.732140,0
1709985019.755286,0
1709985019.777973,0
1709985019.796572,0
1709985019.819870,0
1709985019.841686,0
1709985019.866757,0
1709985019.891280,0
1709985019.909688,0
1709985019.937303,0
1709985019.954335,0
1709985019.977999,0
1709985020.005291,0
1709985020.026053,0
1709985020.050720,0
1709985020.071115,0
1709985020.091322,0
1709985020.109475,0
1709985020.129375,0
1709985020.148526,0
1709985020.174307,0
1709985020.199581,0
1709985020.217966,0
1709985020.236256,0
1709985020.257888,0
1709985020.279502,0
1709985020.298899,0
1709985020.327457,0
